0.000000000000000000e+00
3.819219819147659863e-12
2.547790739721444601e-11
1.566404278411065947e-10
8.875543830746811786e-10
4.634865031504957651e-09
2.230643757083287563e-08
9.894055655876564199e-08
4.044543281932618713e-07
1.523756713398514941e-06
5.290695699331231999e-06
1.693015526457689344e-05
4.992983204610873158e-05
1.357095079464775203e-04
3.399471879073528752e-04
7.848083888565562331e-04
1.669809112203933174e-03
3.274319264214657892e-03
5.917335946526249869e-03
9.855585633800631809e-03
1.512828340729500606e-02
2.140168040073121836e-02
2.790339861319320394e-02
3.352874815174579359e-02
3.713031046321833839e-02
3.789577812250687072e-02
3.564544853074640834e-02
3.090070197967205445e-02
2.468786965718524490e-02
1.817815946054211762e-02
1.233580030703159726e-02
7.715013306137474478e-03
4.446967741179247771e-03
2.362624143484595967e-03
1.157899237545975723e-03
5.265712365696462345e-04
2.318956474634618610e-04
1.262283539202817923e-04
1.440670660021120346e-04
2.910633865882749434e-04
6.396221972103771072e-04
1.328225633444848159e-03
2.550579240359243226e-03
4.515979138069732557e-03
7.369566281916849378e-03
1.108374107609711758e-02
1.536322094111275058e-02
1.962588490401316263e-02
2.310613111581133819e-02
2.507126381288612635e-02
2.507126381330076342e-02
2.310613111912543025e-02
1.962588492528596212e-02
1.536322106667490327e-02
1.108374175910522424e-02
7.369569705993814050e-03
4.515994958276365982e-03
2.550646604967329867e-03
1.328489997514680637e-03
6.405783429123183782e-04
2.942504942298446277e-04
1.538579159010044811e-04
1.539484709830170426e-04
3.042260253210460385e-04
7.005104149288301184e-04
1.543399875517423520e-03
3.150039344259801966e-03
5.929258818060998033e-03
1.028667715920039694e-02
1.644773220545287309e-02
2.423754564694367147e-02
3.291715948879631037e-02
4.120093596391238844e-02
4.752726470628748645e-02
5.052770416314870949e-02
4.950708061759921674e-02
4.470499753565795875e-02
3.720453148425714729e-02
2.853557386764134576e-02
2.017104454306000230e-02
1.314078084506733156e-02
7.889781262034999826e-03
4.365759018952797971e-03
2.226412149605244088e-03
1.046411185142051559e-03
4.532629172098038336e-04
1.809460105952983731e-04
6.657310939481163759e-05
2.257354035276846959e-05
7.054260932441643512e-06
2.031675617864610920e-06
5.392724375910158990e-07
1.319207420783490630e-07
2.974191676111049974e-08
6.179820042006324548e-09
1.183405844099575181e-09
2.088539037881421263e-10
3.397054319628593017e-11
5.092293092196879818e-12
0.000000000000000000e+00
