0.000000000000000000e+00
5.860476635460973218e-06
8.224141493767419704e-06
1.135193217101189787e-05
1.541241096335696349e-05
2.058225495843781920e-05
2.703565569019326684e-05
3.493031013515695519e-05
4.439045123646496196e-05
5.548789690215548333e-05
6.822264636868174818e-05
8.250503659868084288e-05
9.814179120911651537e-05
1.148283561662214131e-04
1.321496492246669173e-04
1.495907255447057591e-04
1.665579091542332456e-04
1.824097510027809267e-04
1.964958979055639559e-04
2.082007786168821697e-04
2.169881270243074578e-04
2.224419337286612100e-04
2.242995504914113139e-04
2.224733858279574967e-04
2.170588478739953592e-04
2.083277495980911584e-04
1.967080680063116563e-04
1.827524974221223192e-04
1.670994320022248800e-04
1.504306883647050618e-04
1.334303556115175294e-04
1.167486533190109925e-04
1.009736928950035232e-04
8.661274447843716703e-05
7.408321449971516529e-05
6.371224181575062641e-05
5.574279600033261295e-05
5.034353087703290143e-05
4.761946804147939265e-05
4.762085418709268233e-05
5.034819215987718923e-05
5.575238504652296344e-05
6.373002228895101394e-05
7.411492922932498540e-05
8.666804869734035400e-05
1.010683912052680517e-04
1.169080731559670827e-04
1.336942964374209267e-04
1.508604981114540229e-04
1.677878671226933896e-04
1.838370986497867531e-04
1.983887997042196188e-04
2.108895669894052889e-04
2.208996284757068745e-04
2.281372444011765441e-04
2.325149157677459943e-04
2.341628869817596046e-04
2.334364099737351150e-04
2.309046428701018894e-04
2.273207196249921766e-04
2.235742604423175445e-04
2.206292194528916952e-04
2.194513434036439372e-04
2.209305464102376542e-04
2.258041385671096587e-04
2.345870597555057419e-04
2.475150593190933836e-04
2.645061251881875258e-04
2.851444000944934306e-04
3.086893344050467428e-04
3.341109501367799475e-04
3.601499158262756392e-04
3.853988126459337391e-04
4.083987344035788867e-04
4.277434850770819234e-04
4.421824059271223218e-04
4.507125257594687615e-04
4.526514289189085692e-04
4.476839784195289795e-04
4.358786547532643050e-04
4.176724616461296980e-04
3.938266893928187170e-04
3.653588585399978640e-04
3.334584782371808860e-04
2.993955460806852712e-04
2.644308562252141166e-04
2.297362188125273664e-04
1.963308400701251836e-04
1.650377000683387067e-04
1.364611777105578241e-04
1.109847772075408856e-04
8.878589934904198644e-05
6.986335404425459848e-05
5.407278245765706406e-05
4.116528852576307860e-05
3.082522726345910666e-05
2.270407189397163618e-05
1.644838752045747103e-05
1.172100505495085124e-05
0.000000000000000000e+00
