0.000000000000000000e+00
4.830247779301999996e-07
1.122731243889127525e-06
2.516675016550145338e-06
5.440307020317172207e-06
1.134134706127824575e-05
2.280084042349199747e-05
4.420608826977694844e-05
8.265295466117886561e-05
1.490320978920592647e-04
2.591471777589103380e-04
4.345687966094330715e-04
7.027748441777939429e-04
1.096023403920733021e-03
1.648427765571694849e-03
2.390932375124638076e-03
3.344361436111528089e-03
4.511382703297529134e-03
5.868943228785882330e-03
7.363243724717663703e-03
8.909352424761840875e-03
1.039693376744959576e-02
1.170229670548743328e-02
1.270532137528274964e-02
1.330827975231663358e-02
1.345266220090655593e-02
1.313024441967918822e-02
1.238584009220390289e-02
1.131116312041429046e-02
1.003136590027452722e-02
8.687460685085371392e-03
7.418490248700561687e-03
6.346867554360703136e-03
5.569002637819565373e-03
5.151677575053581482e-03
5.133159247061740843e-03
5.527148147259164888e-03
6.327490548489527085e-03
7.512025421276487952e-03
9.044734362285354948e-03
1.087621273461605344e-02
1.294314376149764863e-02
1.516780430067258927e-02
1.745864129607473114e-02
1.971269160522580791e-02
2.182017726620044326e-02
2.367110588066123622e-02
2.516324442619523663e-02
2.621049663814909586e-02
2.675055467680427859e-02
2.675073987694586222e-02
2.621118636341152747e-02
2.516491403935599766e-02
2.367481595909872935e-02
2.182806545746991678e-02
1.972884459478968511e-02
1.749053315225732042e-02
1.522852490098675765e-02
1.305463343205500761e-02
1.107362660900404819e-02
9.381839624949915926e-03
8.067159991225165278e-03
7.209099321779826805e-03
6.877349146900108012e-03
7.127346053813147196e-03
7.992068680267683939e-03
9.470536144344411308e-03
1.151504515920395884e-02
1.402062539874615599e-02
1.682093843075498085e-02
1.969438964719609150e-02
2.238236328289250343e-02
2.461850982115655617e-02
2.616469379793636557e-02
2.684662291945356938e-02
2.658131488248832719e-02
2.538990916559097713e-02
2.339264270133490156e-02
2.078711835910832667e-02
1.781497023710530356e-02
1.472446266830144956e-02
1.173681086353506840e-02
9.022205576247036354e-03
6.688437374768170691e-03
4.781722095644117161e-03
3.296785690681508507e-03
2.192013306194266157e-03
1.405533942619382982e-03
8.691303422250882963e-04
5.182910838451546031e-04
2.980627494124398532e-04
1.653052828127642864e-04
8.841191064264011627e-05
4.560157027716099664e-05
2.268264907225667684e-05
1.088059605621135563e-05
5.033342998602799534e-06
2.245459791855687798e-06
9.660485435365078699e-07
0.000000000000000000e+00
