0.000000000000000000e+00
8.863320223056833256e-04
1.332082825965021479e-03
1.953181929112006096e-03
2.794028587646178296e-03
3.899381012965988467e-03
5.309298945586223527e-03
7.052699268496043922e-03
9.140084932089811293e-03
1.155637900159547232e-02
1.425509123075284663e-02
1.715516522398372740e-02
2.014171695859094668e-02
2.307144266220686329e-02
2.578277714280479901e-02
2.811003055224126773e-02
2.989989212293285570e-02
3.102805896852807790e-02
3.141349680979128173e-02
3.102806249748613424e-02
2.989990179280012719e-02
2.811005320579798572e-02
2.578282788761379271e-02
2.307155318983335895e-02
2.014195169577811043e-02
1.715565155085259363e-02
1.425607420993778990e-02
1.155831736801176193e-02
9.143814031076924129e-03
7.059698471538513632e-03
5.322115460485204314e-03
3.922277453878810459e-03
2.833935000553883862e-03
2.021038839769136782e-03
1.444652693393384639e-03
1.068523016296572207e-03
8.630373473579156353e-04
8.075479996472887051e-04
8.911811497102240399e-04
1.112304791328255901e-03
1.476827134880503035e-03
1.995483429751516644e-03
2.680282612502028240e-03
3.540348324713745928e-03
4.577501381875746615e-03
5.782068001519085655e-03
7.129515821436368042e-03
8.578565222817824756e-03
1.007135072533488218e-02
1.153599319547430994e-02
1.289160066605359901e-02
1.405529549074417683e-02
1.495045215650640281e-02
1.551502059864496956e-02
1.570868942287242942e-02
1.551775965994744121e-02
1.495694569105203431e-02
1.406783195587765246e-02
1.291428507447815038e-02
1.157562776687757165e-02
1.013871539815327204e-02
8.690152482271638890e-03
7.309736610278154238e-03
6.065868616838198876e-03
5.013208477304131015e-03
4.192391047264253448e-03
3.631240437359467641e-03
3.346704800308927027e-03
3.346704800305960650e-03
3.631240437345902971e-03
4.192391047219362274e-03
5.013208477162304361e-03
6.065868616401937606e-03
7.309736608969148383e-03
8.690152478439827285e-03
1.013871538721001185e-02
1.157562773638701713e-02
1.291428499159622510e-02
1.406783173607599642e-02
1.495694512235780371e-02
1.551775822444693975e-02
1.570868588774927341e-02
1.551501210522836065e-02
1.495043224807762576e-02
1.405524996382902930e-02
1.289149909355367420e-02
1.153577210973076757e-02
1.007088124001719043e-02
8.577592565248304962e-03
7.127549861757440965e-03
5.778191268250246031e-03
4.570043183759692554e-03
3.526349918583885842e-03
2.654649582690458628e-03
1.949690547922896091e-03
1.397014309068064135e-03
9.765909700275479232e-04
6.660414148984029892e-04
4.431660118073333689e-04
0.000000000000000000e+00
