2.200679022062111939e-04 2.200671126659767057e-04 2.200761075598669765e-04 2.200653676786986322e-04 2.200824113854032255e-04 2.200870063823028846e-04 2.200868108263189351e-04 2.200953068746270137e-04 2.200928766089486714e-04 2.201033862330304520e-04 2.201156452254934793e-04 2.201182959750679362e-04 2.201220087032850858e-04 2.201296163564576589e-04 2.201427432428558993e-04 2.201527111538005772e-04 2.201549027881406241e-04 2.201624041212219842e-04 2.201760014933353362e-04 2.201878744151463535e-04 2.201975190092819148e-04 2.202055196287042518e-04 2.202119647882134817e-04 2.202167400247216167e-04 2.202341127666012927e-04 2.202422043603405224e-04 2.202487278556216764e-04 2.202702049621829174e-04 2.202706328294394892e-04 2.202791579921076876e-04 2.203001605406663065e-04 2.202958406128387137e-04 2.203042239785793597e-04 2.203207278103651214e-04 2.203300364553847175e-04 2.203353777579588626e-04 2.203435826420252984e-04 2.203579548904138015e-04 2.203914174552061838e-04 2.204148480035751775e-04 2.203967995421861835e-04 2.204402293408693175e-04 2.204650515660716277e-04 2.205333775702922761e-04 2.205763889481998706e-04 2.206120891580744996e-04 2.207594178917575531e-04 2.208623072990517926e-04 2.214164086315656736e-04 2.226073633839702041e-04 2.263525875765680796e-04 2.489935122908590727e-04 2.338489790025427041e-04 2.235512292108405219e-04 2.237875438420057212e-04 2.247636800493099175e-04 2.355191167052700743e-04 2.551605152844650974e-04 2.291930200510556637e-04 2.242013994582395882e-04
2.200694329934632513e-04 2.200831908102914903e-04 2.200703680739542895e-04 2.200878813310574457e-04 2.200885250867785936e-04 2.200916716742239751e-04 2.201021645358586395e-04 2.201022248781099361e-04 2.201192526303957537e-04 2.201280489645881795e-04 2.201291162586110884e-04 2.201340910198501619e-04 2.201455739340831344e-04 2.201557029413341103e-04 2.201572495196127486e-04 2.201653330774489806e-04 2.201850921833504646e-04 2.201987287597325271e-04 2.202038459238143736e-04 2.202099634164909989e-04 2.202188993274944442e-04 2.202366193381157693e-04 2.202451117864023355e-04 2.202689600622920077e-04 2.202760063441809753e-04 2.202857599530024869e-04 2.203102032620202352e-04 2.203107133341389193e-04 2.203253368946952485e-04 2.203475230779031722e-04 2.203419582908085596e-04 2.203564848303395606e-04 2.203844573575522306e-04 2.203858267952761216e-04 2.203928395746700944e-04 2.204131772476117755e-04 2.204245728481484359e-04 2.204374625689479387e-04 2.204689434321500062e-04 2.204614339331891610e-04 2.205076344543978675e-04 2.205616836141995952e-04 2.205767039713404736e-04 2.206168669688094092e-04 2.206882106894766059e-04 2.208883897634285397e-04 2.209646053570708747e-04 2.213327195998979267e-04 2.222390606416998300e-04 2.263452120205293634e-04 2.425469774780149030e-04 2.386246596873871524e-04 2.267149594529372497e-04 2.241779150870374412e-04 2.245246853163841336e-04 2.391594149732133084e-04 2.525653427407190035e-04 2.323191247326400249e-04 2.251923043459764888e-04 2.224589338251087419e-04
2.200906768978706698e-04 2.200774208046237586e-04 2.200988906410362425e-04 2.201002240522229383e-04 2.201045609178147919e-04 2.201108085718740117e-04 2.201060521940731429e-04 2.201221589538704968e-04 2.201271623976254867e-04 2.201331184199882128e-04 2.201434326262502906e-04 2.201612463564031001e-04 2.201673775320408481e-04 2.201736943720317640e-04 2.201936772061241965e-04 2.202043143323279830e-04 2.202054785562222207e-04 2.202146080706888153e-04 2.202352237582970960e-04 2.202481555303141146e-04 2.202723880656633248e-04 2.202866088229252456e-04 2.203066662453602876e-04 2.203103288848568854e-04 2.203172085055068172e-04 2.203375910644303926e-04 2.203422958756059698e-04 2.203707095521483255e-04 2.203847716139764449e-04 2.203855410531308716e-04 2.204030884098500895e-04 2.204311797874416523e-04 2.204309010328458574e-04 2.204464552952708958e-04 2.204835610667217247e-04 2.205012147470803156e-04 2.204976681825019497e-04 2.205465899130082115e-04 2.205576099828222782e-04 2.205649169573452837e-04 2.206401222086129142e-04 2.206541999596920659e-04 2.207304922836075779e-04 2.208043717815307005e-04 2.209433642046733934e-04 2.210131876949695585e-04 2.214177000228601650e-04 2.222720033940091971e-04 2.251608839081528537e-04 2.359087681721052765e-04 2.513367346102219984e-04 2.307262302610614926e-04 2.242659861448283078e-04 2.259551864831877116e-04 2.396281190206587023e-04 2.509129231899965076e-04 2.382135125268500936e-04 2.251931488427063048e-04 2.233349659611410989e-04 2.256446197283892082e-04
2.200819891565291013e-04 2.201051743091650100e-04 2.201066604044960050e-04 2.201077126749467923e-04 2.201169829886906806e-04 2.201146713787933669e-04 2.201393638071542978e-04 2.201442728630010454e-04 2.201469807561482535e-04 2.201552657718272164e-04 2.201708306030758489e-04 2.201727476615451481e-04 2.201862482795009985e-04 2.202086840384676904e-04 2.202104758076483615e-04 2.202229086661701462e-04 2.202477951561674664e-04 2.202724200454531534e-04 2.202885768314209692e-04 2.203061542637571243e-04 2.203144456592283980e-04 2.203286033402628908e-04 2.203423645776287731e-04 2.203642295903849180e-04 2.203948206663806410e-04 2.204089797091875907e-04 2.204399352564269995e-04 2.204529197878963697e-04 2.204667848098384000e-04 2.204843078851767026e-04 2.205121077513033960e-04 2.205274826061707767e-04 2.205392341518566332e-04 2.205707731430203461e-04 2.205804124591187042e-04 2.205677657432228086e-04 2.206199510112186646e-04 2.206632093741320300e-04 2.206508920444152737e-04 2.207437636573843958e-04 2.207729200284011669e-04 2.208185853699068022e-04 2.208840847030035034e-04 2.210518541674551588e-04 2.212057296077818858e-04 2.215287457482610471e-04 2.220978558429764966e-04 2.243467568112226824e-04 2.342648703794225932e-04 2.591649848425418151e-04 2.342886909299008618e-04 2.257704248959077392e-04 2.274402743107876036e-04 2.369946036404230216e-04 2.602359404823453674e-04 2.426646011870237400e-04 2.252403376429499269e-04 2.250464458902211079e-04 2.259807912281719042e-04 2.357577052236232453e-04
2.201058790187054338e-04 2.201096917334032942e-04 2.201094861633006599e-04 2.201274395024580834e-04 2.201272644478409056e-04 2.201512942335813201e-04 2.201512661446129672e-04 2.201565979460606370e-04 2.201739832443967574e-04 2.201901919065753384e-04 2.201902291002739260e-04 2.202107039223340581e-04 2.202258878712647636e-04 2.202312117857318954e-04 2.202544602511882039e-04 2.202784402897054589e-04 2.202943238487722910e-04 2.203085195862568648e-04 2.203227350554587567e-04 2.203392140458443685e-04 2.203667449804610795e-04 2.204009742889174376e-04 2.204273488324859907e-04 2.204511350315915472e-04 2.204663555070523714e-04 2.204885267251876298e-04 2.205048469360826281e-04 2.205226237382084493e-04 2.205478996264525170e-04 2.205777447799690469e-04 2.206005135883585774e-04 2.206102252938756136e-04 2.206583872713574392e-04 2.206747142894780920e-04 2.206723000330170035e-04 2.207468476832222715e-04 2.208144020790902141e-04 2.207595382107692514e-04 2.208259114403660116e-04 2.208995218269206638e-04 2.209454962673501372e-04 2.210395364177902822e-04 2.212052656201136665e-04 2.213327883514528045e-04 2.215846066076733651e-04 2.221964299144600684e-04 2.241177428469069753e-04 2.317069668897977532e-04 2.554800020893820394e-04 2.433403664155080269e-04 2.284776814044581824e-04 2.276078357180687814e-04 2.375860470085752263e-04 2.724687512150439947e-04 2.432762888273100571e-04 2.272855814066238847e-04 2.264400662024589408e-04 2.265540170399832343e-04 2.445338512094541710e-04 2.605297191182513413e-04
2.201388482056273565e-04 2.201226328646378966e-04 2.201444055196931815e-04 2.201306037669691410e-04 2.201544832038220001e-04 2.201576424859784679e-04 2.201687579561357859e-04 2.201855343257815034e-04 2.201972455639424368e-04 2.202000462993682691e-04 2.202304812995469537e-04 2.202389317601205986e-04 2.202477544640014668e-04 2.202722629758624212e-04 2.202949786115272106e-04 2.203179258466253434e-04 2.203373583751712015e-04 2.203642495827713807e-04 2.203986299873858664e-04 2.204310256554160418e-04 2.204569493946788175e-04 2.204712720837510886e-04 2.204950684272350650e-04 2.205228163200771685e-04 2.205627600850972861e-04 2.205963839123990095e-04 2.206319983080322919e-04 2.206684300315340998e-04 2.206968007976252216e-04 2.207426648789063614e-04 2.207359766936172385e-04 2.207953474834619290e-04 2.208316743570931163e-04 2.208016158888195606e-04 2.208717040749222588e-04 2.209332037589435357e-04 2.208740434911337627e-04 2.209382022358539631e-04 2.211241658595096990e-04 2.211259493520563262e-04 2.211512066090035576e-04 2.213280777947353270e-04 2.215582864221243896e-04 2.218279713345127301e-04 2.223235602924487680e-04 2.237591822235415642e-04 2.298055207547674867e-04 2.510196486133420756e-04 2.579770824319758504e-04 2.313676539998434664e-04 2.289082824834909693e-04 2.402007668217525640e-04 2.733763508174993245e-04 2.474304581882944692e-04 2.307363215935982358e-04 2.267767528592991386e-04 2.300111938560068397e-04 2.518909360863416354e-04 2.617930628066945974e-04 2.477820670114504187e-04
2.201301808431170874e-04 2.201686439388370368e-04 2.201471541705373304e-04 2.201762949150902742e-04 2.201807150614767147e-04 2.201876011995472558e-04 2.202040756057428250e-04 2.202143146927170239e-04 2.202204215206874163e-04 2.202518125300481297e-04 2.202583024296768193e-04 2.202796300961815123e-04 2.203102153319948123e-04 2.203321741781789098e-04 2.203539948681592178e-04 2.203689233585048922e-04 2.203981867307645717e-04 2.204338253472492258e-04 2.204602308411406769e-04 2.204908095896118464e-04 2.205275749440120886e-04 2.205735357137011867e-04 2.206157033892867448e-04 2.206551450590248987e-04 2.206800090105249731e-04 2.207123644924942622e-04 2.207407226404721782e-04 2.207706906541834365e-04 2.208356864567653820e-04 2.208409923475582182e-04 2.208939354486775858e-04 2.209490782956298146e-04 2.209325594038606005e-04 2.210100441033364341e-04 2.211150925620493065e-04 2.210896173065243081e-04 2.211472945429263602e-04 2.213561910952822030e-04 2.212854468931033537e-04 2.212986120870469623e-04 2.216048362844558574e-04 2.218741171038109930e-04 2.219764806168638565e-04 2.223781835394996972e-04 2.238828635678004754e-04 2.287736471276670045e-04 2.445152510326798856e-04 2.736178227649099467e-04 2.375011440846875287e-04 2.310607528080536606e-04 2.403252108524645849e-04 2.779648283722631016e-04 2.568824265852537726e-04 2.325662796798038886e-04 2.281317093537070008e-04 2.356878828066020397e-04 2.553975195990861231e-04 2.758183217389938396e-04 2.444603576152668272e-04 2.264869485848505879e-04
2.201689435082400663e-04 2.201620491716538199e-04 2.201944527910656003e-04 2.202048938377945458e-04 2.202048639572692186e-04 2.202200182407158791e-04 2.202338231332041387e-04 2.202422214693702373e-04 2.202746912291148930e-04 2.202763111487092992e-04 2.203053759959676362e-04 2.203364004525265932e-04 2.203573116565749144e-04 2.203726419953881222e-04 2.204063189001859385e-04 2.204570619224752788e-04 2.204857997535568642e-04 2.205086418604754520e-04 2.205410227618834304e-04 2.206058255954107409e-04 2.206564369061670165e-04 2.206872931783878538e-04 2.207297742357406441e-04 2.207804833023255795e-04 2.208467182412053814e-04 2.209085098952841915e-04 2.209425507254988280e-04 2.210231650200121826e-04 2.210433144629540803e-04 2.211061275160640805e-04 2.211642740475775848e-04 2.211612343595632693e-04 2.212586540779635591e-04 2.213377937900577990e-04 2.213305513457843726e-04 2.213347597796668669e-04 2.215427362985292550e-04 2.215119960979525216e-04 2.215776373907746646e-04 2.219717735132570877e-04 2.221344412530066518e-04 2.221739639929886940e-04 2.227157879368161467e-04 2.241167165030656259e-04 2.274192264872662778e-04 2.413544894942572683e-04 2.866843837257169406e-04 2.459324220673796114e-04 2.333584434940147575e-04 2.427783048056445631e-04 2.852152113408519497e-04 2.634865852589818530e-04 2.356526191289234082e-04 2.312413337758291909e-04 2.395167846454093036e-04 2.670868106881528221e-04 2.854586188545764607e-04 2.394542021123331646e-04 2.285468639556638361e-04 2.257507153060044362e-04
2.202056419735474112e-04 2.201974087399348760e-04 2.202080149704346715e-04 2.202095511555694990e-04 2.202362964952956650e-04 2.202651688179311032e-04 2.202672373217520502e-04 2.203001224833607899e-04 2.203013094266759360e-04 2.203319160821081086e-04 2.203667715026486561e-04 2.203992148011326931e-04 2.204188607304665044e-04 2.204559928944062764e-04 2.204933723300682435e-04 2.205211214641886945e-04 2.205682530239131886e-04 2.206388045609765955e-04 2.207021718632893627e-04 2.207212198521696757e-04 2.207623046051827636e-04 2.208431852229212288e-04 2.209138850921141468e-04 2.209720833813650970e-04 2.210253139835704995e-04 2.210734589273509443e-04 2.211644379953564131e-04 2.212049250844955162e-04 2.212896952850030490e-04 2.213623950129527801e-04 2.213696488734264941e-04 2.214685311388351718e-04 2.215320140269385252e-04 2.216100928810518225e-04 2.216469914436310898e-04 2.218677977869808410e-04 2.219566617221399878e-04 2.219197646838256199e-04 2.222611439818534499e-04 2.224151103620574418e-04 2.225629426827432412e-04 2.231618816387797091e-04 2.243358071051776805e-04 2.270008686733265911e-04 2.397817270039177872e-04 2.807715995074606822e-04 2.599680520919825442e-04 2.386349237911896412e-04 2.454378091349980863e-04 2.864521463646516010e-04 2.759488175043497862e-04 2.406826811268619813e-04 2.337760631297076442e-04 2.460676472326961363e-04 2.884528092701453311e-04 2.786300765088940354e-04 2.399085117453855906e-04 2.297707962969605167e-04 2.264090703960592958e-04 2.341860077896420296e-04
2.202085998388810700e-04 2.202644157010449748e-04 2.202651349800174851e-04 2.202813648005025370e-04 2.202918967195970773e-04 2.202845072280486054e-04 2.203200603034096230e-04 2.203410466210390165e-04 2.203689827702638520e-04 2.203915301250586626e-04 2.204159336839183305e-04 2.204406258548008153e-04 2.204966543340990137e-04 2.205509652644001696e-04 2.205884969197340355e-04 2.206467142014236025e-04 2.207158198257753719e-04 2.207602897469590042e-04 2.207921555482621060e-04 2.208928273127199436e-04 2.209781989153404547e-04 2.210406331858213590e-04 2.211128766383457160e-04 2.211960785756934790e-04 2.212699829410982920e-04 2.213997177857293989e-04 2.214905745990771899e-04 2.215669786440042401e-04 2.216596141947279816e-04 2.217153250076896393e-04 2.218031150381991447e-04 2.218916765401432098e-04 2.220269749259280788e-04 2.220843096481840435e-04 2.222113570987203218e-04 2.223904215397466482e-04 2.222348620676472750e-04 2.226248864808303264e-04 2.230130009775975204e-04 2.231216522738778483e-04 2.236037052910830303e-04 2.247260636897182565e-04 2.272937414189971539e-04 2.371745927691511094e-04 2.687492282804905780e-04 2.890479796208328704e-04 2.459363102970278572e-04 2.473702626767007150e-04 2.942690108997313104e-04 2.922464383437174641e-04 2.449076405821068816e-04 2.385351247888905981e-04 2.562710036841699124e-04 3.041893599293034409e-04 2.774238667815738741e-04 2.412115722576128429e-04 2.298412347726599416e-04 2.305123766664848048e-04 2.417672732351071926e-04 2.569257067622116053e-04
2.203217584130973182e-04 2.203023026676710291e-04 2.203026290065931416e-04 2.203244328675349343e-04 2.203466530027636317e-04 2.203753882766390341e-04 2.203904331781170699e-04 2.203987739210006491e-04 2.204397836971234807e-04 2.204927907301317111e-04 2.205183900929106428e-04 2.205598223440500877e-04 2.205892363243174405e-04 2.206198735138816664e-04 2.206862422370127507e-04 2.207656545920625660e-04 2.208222727922653334e-04 2.209252091490341002e-04 2.210407659088230831e-04 2.210961069719272730e-04 2.211737181964865400e-04 2.212975187542808161e-04 2.214285894379549560e-04 2.215271788837955887e-04 2.216287487470165090e-04 2.217524865095197098e-04 2.218667005562360752e-04 2.219784173180702454e-04 2.220967149911431916e-04 2.221741150221964972e-04 2.222925854065340042e-04 2.224554973424587849e-04 2.225724724842881406e-04 2.226373567747967207e-04 2.229469262797252474e-04 2.228097047892969114e-04 2.232632949472383656e-04 2.237037150462610350e-04 2.235779061446840313e-04 2.241895301951003523e-04 2.255799295435624325e-04 2.276981453824937507e-04 2.348183978047000157e-04 2.627555320620896862e-04 3.228818381279820160e-04 2.555375728844194445e-04 2.530731334247249709e-04 3.012797067132721583e-04 3.070298148204046208e-04 2.529317467480163089e-04 2.451999542626212146e-04 2.660936081301381673e-04 3.293554672565742868e-04 2.769188022710652487e-04 2.402267353400814557e-04 2.326460046865063184e-04 2.369251361899444392e-04 2.519897220367876074e-04 2.856536012505372837e-04 2.543517052583842901e-04
2.203659956613983892e-04 2.203630462759467289e-04 2.203919962044191257e-04 2.204154527484603683e-04 2.204029120827514425e-04 2.204378580525860457e-04 2.204659651001342332e-04 2.205080139242298351e-04 2.205342650788900581e-04 2.205406237021191661e-04 2.206012433378903490e-04 2.206827954385350932e-04 2.207356263887699885e-04 2.208181391079111293e-04 2.208929672383591614e-04 2.209091398498563949e-04 2.210221285019387167e-04 2.211055159154608294e-04 2.211812708541253513e-04 2.213231554837106997e-04 2.214835899409217906e-04 2.216251616645953187e-04 2.217737889465506193e-04 2.219017949321055625e-04 2.220554456289908760e-04 2.222533519121750747e-04 2.224470891095191815e-04 2.226333778488135925e-04 2.228083717560152524e-04 2.229712879319485782e-04 2.231901705975547555e-04 2.233359699708914101e-04 2.233474840455971849e-04 2.236995336382347572e-04 2.235036904159118647e-04 2.238747578124234544e-04 2.244987837240592060e-04 2.243982266044944752e-04 2.253561667070326068e-04 2.265435150148940966e-04 2.279192166112135691e-04 2.340874476226647205e-04 2.611986420557209018e-04 3.360743360382024265e-04 2.722674325004311672e-04 2.619687872179859035e-04 3.048078630423128920e-04 3.333690689516469359e-04 2.632334959985955809e-04 2.522287964983706342e-04 2.853241558078816733e-04 3.520795248921833624e-04 2.731719900652706569e-04 2.425542832344952876e-04 2.374691146735171819e-04 2.456372787513454582e-04 2.806919206155923446e-04 2.847349942202321042e-04 2.444178509086075463e-04 2.317528310101167307e-04
2.204717603829126646e-04 2.204766714647003506e-04 2.204912698281537037e-04 2.204706651990010337e-04 2.205214932895780474e-04 2.205386869315629236e-04 2.205626880586535304e-04 2.206010998802834984e-04 2.206595962133101974e-04 2.207074133777313233e-04 2.207579658530495854e-04 2.207579786705262119e-04 2.208355113909276604e-04 2.209327643564476475e-04 2.210028358525840963e-04 2.211660654031173462e-04 2.212650686041125472e-04 2.213680107248173546e-04 2.215301296648117398e-04 2.216797484488120039e-04 2.218485824138058437e-04 2.220294135390683300e-04 2.222407947589847654e-04 2.225209906028473945e-04 2.227448541599946405e-04 2.229133151050623077e-04 2.230939619439703612e-04 2.232605483282949332e-04 2.234467412593023675e-04 2.236576442837090830e-04 2.239169616461906317e-04 2.240136258201571825e-04 2.245620316629512957e-04 2.247315433531449347e-04 2.251412522589754184e-04 2.258017785102759952e-04 2.255259168727060065e-04 2.264764819204269906e-04 2.276176593241959335e-04 2.291900446123655794e-04 2.349664964352822321e-04 2.570318942453577891e-04 3.259456565446744859e-04 3.089242216586690929e-04 2.732577795866488737e-04 3.113246389832923606e-04 3.706253880748124887e-04 2.738033382784981298e-04 2.649372379707443212e-04 3.123697569312363894e-04 3.626458978414763860e-04 2.766789076187264689e-04 2.453893876057400844e-04 2.450197402438453534e-04 2.646139066976834820e-04 3.099858060946336777e-04 2.688038917158247368e-04 2.410895328715823038e-04 2.291693332683276084e-04 2.264303185208589250e-04
2.206333085491598818e-04 2.206287502462796820e-04 2.206391842511624902e-04 2.206419223575484560e-04 2.206690575199953019e-04 2.206688677784959069e-04 2.206944986503080956e-04 2.207436635715938290e-04 2.207522782526740791e-04 2.208508669726491364e-04 2.209136352943223474e-04 2.210474201686170618e-04 2.211520228092811425e-04 2.211693028699042690e-04 2.212975599516190544e-04 2.213883494269618276e-04 2.215583935284703445e-04 2.217481903152364352e-04 2.219109354124617034e-04 2.221041878836598155e-04 2.223725922087577047e-04 2.227389004721414261e-04 2.229598155802566819e-04 2.231203253506211374e-04 2.233120150270237123e-04 2.236804463249930772e-04 2.240375116487008478e-04 2.243253615828364443e-04 2.245697672329701735e-04 2.250238224887688007e-04 2.252193126054949834e-04 2.256434294393062532e-04 2.259183040893006432e-04 2.261072771622533485e-04 2.268368000923899456e-04 2.269037722075405660e-04 2.285172009600917149e-04 2.296578522085289517e-04 2.307321922921027452e-04 2.356789132518806831e-04 2.546215986852133975e-04 3.166619005208593071e-04 3.669760034108139266e-04 2.878241375068093795e-04 3.279530231136934364e-04 4.120100121352816922e-04 2.881564167817170187e-04 2.847692111367803518e-04 3.455062133808094226e-04 3.797733204874340876e-04 2.794852057493902881e-04 2.505695058826739870e-04 2.611701590461135408e-04 2.969416179640471773e-04 3.166648940039601921e-04 2.591712133782801491e-04 2.361748216643315911e-04 2.297612018851720027e-04 2.300531806703680175e-04 2.346917162568884420e-04
2.211232950547277649e-04 2.210413060243743798e-04 2.208677793769289049e-04 2.208921280454412869e-04 2.208678939312193833e-04 2.208858458793325717e-04 2.209453652266817221e-04 2.209380569786025320e-04 2.210099348186214761e-04 2.210238397252555452e-04 2.210783179980580751e-04 2.211690127741915992e-04 2.212506179292761995e-04 2.214988738427753063e-04 2.216229930657438816e-04 2.217902254839554030e-04 2.219413024525503856e-04 2.221366444501170526e-04 2.224447043107801890e-04 2.229019981778906977e-04 2.232200997780333773e-04 2.233276117163178432e-04 2.236609578675187112e-04 2.240177682972835339e-04 2.245334830127082939e-04 2.251222596164141046e-04 2.257848179234757532e-04 2.262352807511445053e-04 2.267347845227596641e-04 2.272200954716053220e-04 2.275289855663924481e-04 2.282518425589761006e-04 2.283218530212215549e-04 2.291994601626041463e-04 2.292621349196138805e-04 2.306282399731483964e-04 2.311776583655595512e-04 2.325721709319962679e-04 2.387714607911982292e-04 2.550183258632704800e-04 3.049985584138277203e-04 4.266342815652849848e-04 3.184504184654489943e-04 3.493542839103234900e-04 4.498322362929607285e-04 3.142432851185407222e-04 3.107784095580944138e-04 3.935688329933128464e-04 3.935248075842397381e-04 2.819975880946533017e-04 2.640554655939449818e-04 2.839890682701699072e-04 3.457838544647384455e-04 2.999876735727991395e-04 2.509901887459243066e-04 2.354884286768932778e-04 2.335508445330575396e-04 2.370565089858194495e-04 2.532313007765581484e-04 2.604102980421850433e-04
2.230180021127467840e-04 2.219889923259594166e-04 2.215234127643798858e-04 2.213539724569851699e-04 2.212258639755361304e-04 2.212059497226106749e-04 2.212262993148736260e-04 2.212572770913826480e-04 2.213714213334176640e-04 2.214094933179496622e-04 2.215793567098801268e-04 2.215643412815521671e-04 2.217087394276529358e-04 2.217450321232595633e-04 2.219272637327860623e-04 2.222316272814764437e-04 2.225303689127274324e-04 2.227935513356962740e-04 2.232313322454020392e-04 2.235156831639590550e-04 2.237973536829831545e-04 2.242630940096951742e-04 2.248336811463475437e-04 2.257459405733578750e-04 2.265563708910991547e-04 2.269700132385057544e-04 2.272838038878258529e-04 2.278942578744663251e-04 2.285851069632774900e-04 2.291184954112526545e-04 2.301061682832028249e-04 2.303001698137860668e-04 2.312680678954133538e-04 2.320767936890695505e-04 2.340754597480147075e-04 2.352422623228934235e-04 2.372097788154040661e-04 2.422971186019300224e-04 2.535988089896211222e-04 3.035208397178445691e-04 4.793572651529165755e-04 3.627976116898728423e-04 3.705957233112971267e-04 5.198655021203402041e-04 3.522159268888534452e-04 3.403509590032911727e-04 4.732182918522605340e-04 3.971184854063742361e-04 2.913457834469250474e-04 2.872425841243245919e-04 3.291058202076549422e-04 3.757934585206899750e-04 2.780805703254709800e-04 2.483300427367643253e-04 2.383567483819186168e-04 2.419585476768240748e-04 2.574213299852862484e-04 2.708181111803036598e-04 2.478441325625843302e-04 2.335003159205430460e-04
2.324865703932960819e-04 2.269253897130681314e-04 2.247016329230166250e-04 2.229361091434142446e-04 2.221948016600945835e-04 2.219377476882579186e-04 2.216571879939527843e-04 2.216927726535506554e-04 2.216164949582748059e-04 2.217720466443498853e-04 2.218241427317889760e-04 2.220745076616563939e-04 2.222683849265445169e-04 2.224840103025594576e-04 2.227047449605743217e-04 2.228574298524293648e-04 2.230432322332112844e-04 2.236413228299990975e-04 2.240490046187973785e-04 2.245112679414701102e-04 2.249085829098190011e-04 2.257138928114706675e-04 2.268372913309147927e-04 2.274435563520348330e-04 2.282785143959609924e-04 2.300291082455659152e-04 2.318191169952467129e-04 2.328438582996699639e-04 2.333973550773441161e-04 2.346232766506886787e-04 2.356271211577446432e-04 2.371924252584419607e-04 2.387926340751800433e-04 2.401313113300320757e-04 2.395050040862886989e-04 2.406930732102585690e-04 2.471423222801189326e-04 2.601593169355704400e-04 3.078405690149764473e-04 4.629972717270753419e-04 4.411675066843008660e-04 4.247803924204149924e-04 6.011665737514387039e-04 3.945441363433354210e-04 3.954932695000950541e-04 5.713587133174332245e-04 3.962036010386890076e-04 3.152409777927372373e-04 3.220192689769672671e-04 4.107842560184614519e-04 3.505168846447003113e-04 2.707338938615187090e-04 2.501071599303482168e-04 2.475824039981373414e-04 2.652785354496970359e-04 2.841998668938037109e-04 2.574726334141401126e-04 2.388733377760734566e-04 2.298057341917487918e-04 2.282206639263637904e-04
2.391470825788053313e-04 2.464684823798206164e-04 2.384502238051260927e-04 2.306663910854891107e-04 2.268386919658997125e-04 2.245121206643951233e-04 2.233458663127369436e-04 2.229131673053300565e-04 2.226672488645032384e-04 2.225768538064152083e-04 2.224898199156552850e-04 2.226372259379821395e-04 2.226415806224781957e-04 2.229823987187018952e-04 2.233155051532730246e-04 2.237498410613208239e-04 2.244915775336200512e-04 2.248121264889782153e-04 2.251625604682946555e-04 2.257535809564105607e-04 2.270791702386736207e-04 2.280618006447084881e-04 2.287245903315352565e-04 2.312317452399372073e-04 2.325940529058034660e-04 2.322940037208972837e-04 2.325429820222383182e-04 2.348311213862775641e-04 2.377233846150327348e-04 2.403070290551748665e-04 2.416837999974387333e-04 2.421560155361029932e-04 2.422237581515404505e-04 2.436039195897030834e-04 2.507332034463872865e-04 2.604646971360872120e-04 2.669896248932516472e-04 3.019855602072977086e-04 4.560802466790998735e-04 6.125874235273281662e-04 4.878514210686486731e-04 6.803808429047601648e-04 4.819799124986117204e-04 4.753363152599259433e-04 6.586375205961740283e-04 4.237923202703315064e-04 3.524073188951262368e-04 3.908344991591706000e-04 4.754802143445924440e-04 3.186797839233371493e-04 2.717413857892194036e-04 2.590871038094835462e-04 2.745302929416309026e-04 3.024461236531504876e-04 2.731099748917780942e-04 2.450713220837241919e-04 2.346975368697590909e-04 2.323329696604551449e-04 2.343962499910629221e-04 2.415113043957689250e-04
2.257303571173170772e-04 2.304527871572318611e-04 2.394202721620346166e-04 2.535679384613848900e-04 2.490928826941019134e-04 2.355163222546112468e-04 2.308521550674230184e-04 2.266001700416204654e-04 2.251250416046985650e-04 2.241108456066287936e-04 2.241887854473311196e-04 2.239395962128498544e-04 2.242619900251531799e-04 2.244630474167634093e-04 2.245992784841040722e-04 2.250697283589386149e-04 2.254369671387888147e-04 2.259148186743233934e-04 2.269220804590854732e-04 2.284602596601694423e-04 2.292045590182540467e-04 2.309890842454959353e-04 2.341002889071034797e-04 2.338201878714244797e-04 2.353982411479797570e-04 2.406946775430276607e-04 2.447111501193895708e-04 2.451066561261257964e-04 2.458743159607319545e-04 2.468712645359581498e-04 2.497280488879915876e-04 2.546076278028910097e-04 2.623633980812677602e-04 2.700610616191601206e-04 2.692890312163504982e-04 2.686445580203052682e-04 3.218082620164685595e-04 4.881354415858932868e-04 7.322233466860722647e-04 5.881011420810978085e-04 8.658146183416513342e-04 5.957757046040301719e-04 5.821212004818886914e-04 8.066390481624890248e-04 4.613379502960651777e-04 4.110565770689556930e-04 5.378865148507995866e-04 4.473263698277058463e-04 3.128538392096694024e-04 2.836871464229135851e-04 2.867269290028715977e-04 3.318633543175942028e-04 2.923569929636443232e-04 2.569004647225392153e-04 2.409851780919434387e-04 2.401610636551661194e-04 2.438275435351147657e-04 2.545276037037303958e-04 2.788961764138673952e-04 2.816986803666995964e-04
2.264347096319796915e-04 2.263789364859749285e-04 2.274881199338904298e-04 2.316587887983754504e-04 2.413088611361431613e-04 2.602738221673809899e-04 2.635552849171489626e-04 2.450373925201490663e-04 2.366717557585270063e-04 2.306835458215628337e-04 2.278259257011284035e-04 2.262768809974222313e-04 2.260193983014561537e-04 2.259777387388486934e-04 2.262894669574343502e-04 2.272685022430689450e-04 2.276023220381522287e-04 2.288711065455405495e-04 2.304023603706918319e-04 2.309478640490988271e-04 2.336416941997266554e-04 2.359814912183665905e-04 2.354038228871837906e-04 2.421217183144276142e-04 2.454800393457570815e-04 2.446144898869056583e-04 2.500836485080869774e-04 2.619196336302437571e-04 2.711128760899805660e-04 2.781486598607598175e-04 2.835853909525700572e-04 2.852721490074927482e-04 2.813981733901679784e-04 2.753334771035001005e-04 2.952044336912812124e-04 3.666810658437255404e-04 4.698673454649096148e-04 8.068887741684249671e-04 8.710541225750790054e-04 1.008476754942168145e-03 7.602000371482796164e-04 8.267409284282683634e-04 9.209899279447181231e-04 5.255822784503385485e-04 5.617239937901665620e-04 6.414279048388456380e-04 4.129643370072331402e-04 3.275322537678714702e-04 3.135670619406099235e-04 3.657921174254042361e-04 3.270918917315775252e-04 2.726782645211345366e-04 2.533874225448415015e-04 2.524729647376859555e-04 2.597726552283449080e-04 2.825747157264830805e-04 3.072889597984697222e-04 2.864824172526108390e-04 2.544768501441678531e-04 2.376217683961141054e-04
2.446494667903776677e-04 2.371509387326937285e-04 2.330272880324219865e-04 2.312601965927886841e-04 2.307402420900408070e-04 2.352370396221214587e-04 2.433033389280633201e-04 2.691110724702131993e-04 2.812557286259565565e-04 2.633332759243402687e-04 2.458602126516452966e-04 2.385623842640741707e-04 2.333223892096110733e-04 2.307664427456771221e-04 2.307810081970426252e-04 2.299715341766570746e-04 2.307764806994646906e-04 2.321497121421725596e-04 2.331273307349814950e-04 2.361047707426826769e-04 2.393193015804281551e-04 2.395127098353090958e-04 2.493804267298597825e-04 2.472044531101210926e-04 2.546941745066506912e-04 2.738367147658521492e-04 2.763994769846434408e-04 2.739073717696256555e-04 2.775797939263142510e-04 2.848055614004610663e-04 2.914025985493627017e-04 2.999569142028780987e-04 3.194668935721982979e-04 3.629243351059680228e-04 4.021919325220330477e-04 4.502197599547825549e-04 1.033149755572968474e-03 1.288881133325939666e-03 1.126717509516828855e-03 1.203304875487521330e-03 1.106276699004292170e-03 1.064004306102287519e-03 6.901949505569298119e-04 8.068456276377961641e-04 6.494334756034894672e-04 4.274130382077442284e-04 3.628346671125516447e-04 4.162633157575592008e-04 3.851980386791193224e-04 2.968709070630134810e-04 2.770533473027787449e-04 2.721746182121605271e-04 2.922251360056852447e-04 3.259058870527454166e-04 3.358981147358862124e-04 2.800721553677588309e-04 2.531838236092590587e-04 2.382502034873492758e-04 2.315178774019086005e-04 2.287510137225015074e-04
2.400489478362951581e-04 2.531669043572086215e-04 2.638294564055648555e-04 2.603084100962594163e-04 2.460863533518604278e-04 2.421857884291128357e-04 2.385323168559489620e-04 2.417188767878509874e-04 2.492984901425461357e-04 2.768440628875872217e-04 3.078022831667668138e-04 2.915087662222039049e-04 2.641326721931655346e-04 2.504838619386756194e-04 2.430440393218951723e-04 2.383766774117285680e-04 2.384736307330954778e-04 2.392462344544166620e-04 2.397447203003688708e-04 2.453233223684425234e-04 2.434311424793843910e-04 2.567125294797937543e-04 2.517878504593678126e-04 2.730668620563370987e-04 2.860377429339753521e-04 2.786689484059305406e-04 3.023353893186561279e-04 3.366131908616903684e-04 3.563020225323295905e-04 3.707118619205049346e-04 3.884432194404541239e-04 4.092608249990144654e-04 4.268065630888221037e-04 4.251748191288713457e-04 5.407657167573645240e-04 1.290633842423193935e-03 1.680327196523840943e-03 1.718716429045162152e-03 1.863749836881688996e-03 1.416645832267734127e-03 1.486646125105175022e-03 8.899265562343365620e-04 1.134913065875938149e-03 6.449287876129041657e-04 4.667968013777712248e-04 5.108049460169412264e-04 4.671517048475028059e-04 3.477622503862154999e-04 3.145739828148989207e-04 3.119956861269078635e-04 3.541692406909268689e-04 3.865543575437917732e-04 3.431423501615111170e-04 2.776991779736145364e-04 2.550780786084949300e-04 2.402151958690802356e-04 2.365844452224095007e-04 2.351251313006823317e-04 2.371236080178455979e-04 2.421812994972238192e-04
2.304173686266886489e-04 2.323354967890683151e-04 2.370026196646628355e-04 2.459873045189522921e-04 2.632835275620143715e-04 2.846161117688582884e-04 2.831453242895894313e-04 2.655574283072659886e-04 2.580420674555506332e-04 2.554640053706315169e-04 2.645052106923082751e-04 2.895019348924631462e-04 3.409162111074432399e-04 3.482438047148968567e-04 2.944596806487965557e-04 2.769261592837732214e-04 2.635309225575910774e-04 2.523800098806001013e-04 2.590975259277738954e-04 2.509966789446993647e-04 2.683869250293275657e-04 2.610521874042695187e-04 2.885265410536220934e-04 2.936482166870258846e-04 2.996252507400422598e-04 3.487832644757879203e-04 3.693454906664512985e-04 3.874389015115666099e-04 4.276285836622288920e-04 4.718737203800415754e-04 5.088078866670244253e-04 5.333521516664336019e-04 5.643906787481701992e-04 7.799050064221550249e-04 1.488223701531075742e-03 2.241417999260351436e-03 3.119200655338200297e-03 2.522849623435515203e-03 2.463201536498252874e-03 1.949004043216876533e-03 1.355867660005747287e-03 1.389995858148020298e-03 6.706645379435614016e-04 6.829421072697764708e-04 6.340338032842868449e-04 4.287042469439204112e-04 3.920219180125249312e-04 3.885531350429623047e-04 4.640046612632159622e-04 4.469350608520334571e-04 3.364387503161331110e-04 2.860031053042187471e-04 2.596843995834585412e-04 2.503485782960085827e-04 2.485460106144626391e-04 2.515303061240639496e-04 2.616094285715388212e-04 2.694462680629521609e-04 2.643840480649364659e-04 2.501567839063702854e-04
2.496244247933676846e-04 2.449354158269466592e-04 2.425616856568453170e-04 2.406157144174637854e-04 2.430239612116930385e-04 2.465695911856940169e-04 2.589652773537426183e-04 2.783313205487286624e-04 3.200572285937303184e-04 3.212897265194877925e-04 3.053851638918474989e-04 2.909624090170387953e-04 2.927858277843008454e-04 3.225858896403674663e-04 3.886419369617630671e-04 4.372281304164222452e-04 3.681695169073944968e-04 3.259357135698589245e-04 3.060308406053729026e-04 2.933217116251489779e-04 2.921394616101045407e-04 3.055606811807732681e-04 3.201104944531179587e-04 3.318206801830827406e-04 3.944344497598090788e-04 4.195512398833740105e-04 4.862868040691608077e-04 5.442948644244045234e-04 6.215297308401024172e-04 7.090353389483390178e-04 7.719775649249176891e-04 8.392014299919969009e-04 1.090150296185201598e-03 1.865180705473894283e-03 3.623694858395660329e-03 5.305728451049864999e-03 3.631860357725416339e-03 4.913231940555747544e-03 2.380433963073485919e-03 2.653970152471358309e-03 1.291765696425903982e-03 1.057911725581658045e-03 9.124485620337565057e-04 6.226573397776300617e-04 5.310555391718888886e-04 5.580203762346953086e-04 6.362014416828062988e-04 4.691818941148595632e-04 3.524785792126535703e-04 3.046571919941319173e-04 2.787720226204000668e-04 2.778487527736636349e-04 2.812633064449533097e-04 3.005215836525104278e-04 2.924514844294487533e-04 2.728304558506771944e-04 2.496066811435715405e-04 2.393770311993276625e-04 2.324272651236811225e-04 2.285349146498898078e-04
3.159549003068403816e-04 3.226766977260707523e-04 3.184819451292941251e-04 2.947444391376651917e-04 2.871124221343180727e-04 2.746105045335613072e-04 2.737679140857108336e-04 2.689039450721136359e-04 2.759709126615690427e-04 2.849350060706517347e-04 3.165962345705877149e-04 3.707619311682201096e-04 4.117170989979510335e-04 3.831864351719399195e-04 3.708009499146253259e-04 3.977819942097349844e-04 4.614278116358449438e-04 6.654534829409791859e-04 4.615528081841701420e-04 5.004390817512855208e-04 3.670094661392728067e-04 4.285029427454314010e-04 3.736263807848614910e-04 4.655880493679522870e-04 4.887851101985268886e-04 5.859061511903694390e-04 7.073013519026077715e-04 9.983389084601134323e-04 1.195653414645072915e-03 1.337452183741106139e-03 1.552046144690986907e-03 2.021678072991262617e-03 3.094400889954251974e-03 5.389903605705567875e-03 9.206587571991579552e-03 7.400395045367080468e-03 8.595158354951046298e-03 3.716834192081225948e-03 4.169104829790395983e-03 1.467482541100906908e-03 1.955628569964222140e-03 8.446424560965715839e-04 9.484523176028927891e-04 8.655324392323703302e-04 8.110448383615831945e-04 5.224753718396557469e-04 3.961400499727190088e-04 3.519600037917687768e-04 3.377271393374247505e-04 3.548610483396057451e-04 3.502256694191664904e-04 3.205979596453405081e-04 2.762698346146849203e-04 2.566980283476447892e-04 2.427305653021079963e-04 2.369384415012459498e-04 2.315715196643706943e-04 2.301316385073497314e-04 2.286789736089880898e-04 2.285837449351217567e-04
2.453122437530764512e-04 2.550914798340371287e-04 2.731715327463402109e-04 2.936202784975617337e-04 3.414223372994916396e-04 3.803704939805651036e-04 4.164516679524144361e-04 4.087765189668510647e-04 3.841734393921802156e-04 3.616192924202697831e-04 3.522867535413859680e-04 3.488616713722939196e-04 3.747560018008639976e-04 3.964851996609036647e-04 5.040454494892908973e-04 6.091426498113760571e-04 5.670436029907298696e-04 6.193941908615276451e-04 6.752039262117506130e-04 9.434390327473357856e-04 1.020358150814892114e-03 6.927698169453574799e-04 7.999295419675556910e-04 6.770445174188923637e-04 8.108609981079138631e-04 9.743429411882804187e-04 1.381708365929939716e-03 1.641138056160922802e-03 2.590107002294570696e-03 3.548865081460353659e-03 4.474834962441551385e-03 5.737727281806009709e-03 8.967207575355276919e-03 2.102656943943111839e-02 1.666472434895385768e-02 1.462000298014662532e-02 8.108989343040147110e-03 5.407250190469830610e-03 2.887492757248648952e-03 2.200025548161159243e-03 1.650464210538295272e-03 1.491160435642360565e-03 1.077365934932800065e-03 6.192931314085168074e-04 5.415731110709033971e-04 5.077409646264232409e-04 4.777347478822596520e-04 4.388670953079522969e-04 3.415312838727552246e-04 2.964086628885732552e-04 2.714121877065830881e-04 2.560707489280819376e-04 2.475202241352059346e-04 2.436120037834151074e-04 2.411226963375754913e-04 2.421039906657084526e-04 2.417403667196548053e-04 2.459735683057857024e-04 2.462919212127915865e-04 2.464267031656139535e-04
2.374205284209134580e-04 2.390382667326521168e-04 2.434247710214622578e-04 2.470897902225268781e-04 2.565346201865715257e-04 2.681735210694672733e-04 2.862445309850572528e-04 3.157921797637123400e-04 3.556775023045702150e-04 4.402466721888782753e-04 5.432341034732635640e-04 6.157045485966814412e-04 6.861634258317483859e-04 6.225407101887076326e-04 6.161594129325680428e-04 6.194540739370880825e-04 7.086275677410909871e-04 7.923498010448582927e-04 1.322886029972667691e-03 1.000193569443433078e-03 1.650369163941520136e-03 1.622718505229891117e-03 2.351149654006955657e-03 2.045022355254755807e-03 1.853517137149518143e-03 2.473312958466417858e-03 2.802483818937849969e-03 4.879639546962920120e-03 5.836777617033090011e-03 9.266482259725995416e-03 1.284784244813909002e-02 2.044166557633928655e-02 5.448591322433444378e-02 4.035537170800081175e-02 3.453496991061683757e-02 1.532958700850689526e-02 9.299095706730453950e-03 5.459606922602462838e-03 3.306629532516390090e-03 3.266838779652661649e-03 1.161498561944982041e-03 1.274372247489494138e-03 8.560299578568432259e-04 7.781976051354677799e-04 5.456338430914193897e-04 4.172312047804288375e-04 3.455165188357717937e-04 3.184757584112568943e-04 2.914075129602727117e-04 2.861331675200963118e-04 2.847051427542774261e-04 2.825356019405470399e-04 2.838259984482904906e-04 2.754007982557351935e-04 2.645660360453297400e-04 2.533496703167132042e-04 2.425327373900379208e-04 2.371086521634232071e-04 2.320334347813121688e-04 2.292698295786395508e-04
2.834851268093564053e-04 2.825346286743361975e-04 2.844548760043844396e-04 2.817629654318943308e-04 2.833967190597960761e-04 2.861426305970379922e-04 2.880186383500446100e-04 2.995740695672897426e-04 3.051145590831339481e-04 3.281867929073633617e-04 3.537799406849182274e-04 3.885978323131131446e-04 4.624669379169362013e-04 5.506564999670713863e-04 7.488606092867593472e-04 9.775779187922522227e-04 1.511388672930642644e-03 1.308485519237236397e-03 2.093260654616868523e-03 1.589111639525554297e-03 2.366324507394080689e-03 3.502605895120655330e-03 3.859405331737834465e-03 5.853477581362148685e-03 8.439482862800093410e-03 7.549642659760868839e-03 1.235024510508468676e-02 1.388486013900003084e-02 3.890401637394920453e-02 5.092555577490705948e-02 9.869513636108659393e-02 2.311097633710658406e-01 1.269487418656999045e-01 1.008281646802900861e-01 3.213776229296781695e-02 1.981867308248424359e-02 1.092387949454773528e-02 4.913752069049234610e-03 3.565959335784584221e-03 2.314153609676856092e-03 1.210904433154453771e-03 1.040146600113862506e-03 5.588327259914160645e-04 5.844716049022122316e-04 4.657538683755455813e-04 4.472901698573586828e-04 4.020013531473136674e-04 3.697268689546115168e-04 3.227472207529132010e-04 2.937982728629830306e-04 2.724661922866240316e-04 2.560895176917918131e-04 2.491905725040398259e-04 2.409412659300957569e-04 2.368430385380564628e-04 2.332747952047012168e-04 2.307638708994708251e-04 2.292783292329733723e-04 2.276401964916716569e-04 2.266939997596939288e-04
2.519648407942071816e-04 2.596360872581346835e-04 2.713886963888396714e-04 2.844281228629583951e-04 3.021855564032540991e-04 3.282600855842430663e-04 3.502614754209135064e-04 3.949113139073156284e-04 4.173485403626453656e-04 4.712991744057937367e-04 5.107404540155746804e-04 5.481771210064906958e-04 6.049122702106208985e-04 6.520582664606085254e-04 7.342006722797108070e-04 7.616250702293413718e-04 1.083626544739921651e-03 9.901258201281276389e-04 1.749475079274556222e-03 2.292575023269293431e-03 3.111830627662367284e-03 6.637518230313901001e-03 7.815254326983699443e-03 1.119546938603318588e-02 2.078766965704014272e-02 3.038609958949919226e-02 4.475167466627378438e-02 1.405319300853095088e-01 9.957556892776811552e-02 1.078615099264111032e+00 1.785230776711391520e+00 3.761628253888468221e-01 4.997251656335088832e-01 9.003777146784160135e-02 4.111951476438940878e-02 1.973089160465704012e-02 7.854743770842848721e-03 4.075719411203180230e-03 3.039086048934602335e-03 1.542918108297004287e-03 1.261748292244508143e-03 9.824798381891741792e-04 5.720435015306480101e-04 5.609553195126776260e-04 4.058184120459394249e-04 3.741776503675028594e-04 3.341432523275440205e-04 3.092031473068371662e-04 2.891855129842074842e-04 2.779807082025367534e-04 2.693859012205217902e-04 2.597333596542642170e-04 2.575583204925506464e-04 2.510804787118972592e-04 2.497517856023575146e-04 2.464639546029424714e-04 2.446212648121952175e-04 2.433403750591165066e-04 2.414356537332602284e-04 2.404186536486084937e-04
2.300404527438078706e-04 2.322712512825832144e-04 2.353801213306143782e-04 2.389649634203321027e-04 2.431108896502574021e-04 2.499627570925854587e-04 2.555416672901246033e-04 2.689421935458864992e-04 2.776840050191432970e-04 2.985505986244592130e-04 3.194730125705079709e-04 3.477269049063920849e-04 3.891300655597586949e-04 4.458386572155920028e-04 5.341127203751881020e-04 5.989168470943939887e-04 9.161031682455483870e-04 9.402221870680126624e-04 1.578212995112329839e-03 2.345833106202750880e-03 2.592404378968321110e-03 5.725244233600969290e-03 7.769374513445549864e-03 1.219450908549325578e-02 2.634552061609734402e-02 6.031234610103016619e-02 1.058554329985923470e-01 4.658717111764031360e-01 2.787686042271096731e+00 3.412900014799255644e+01 5.209533824137389502e+01 3.787845033744041245e+00 4.777047542190424045e-01 8.546494969165059630e-02 4.236880542163420221e-02 1.700173701049640176e-02 7.397227486935629981e-03 4.532793203862177378e-03 3.316065305524334549e-03 1.588271233348218609e-03 1.514391884114558605e-03 1.099301226980361383e-03 7.285417494662889187e-04 7.499815409596517898e-04 5.311579076894780340e-04 4.960690540228486099e-04 4.304892643680385735e-04 3.867345962521988876e-04 3.525157344135959863e-04 3.274908654302240629e-04 3.082720636606695692e-04 2.877545388184048073e-04 2.801889985078706872e-04 2.656958130586330982e-04 2.598422582681876353e-04 2.516117144053859776e-04 2.467288922157804642e-04 2.424539223574534127e-04 2.385169598881642383e-04 2.356658024128839958e-04
2.356658024128839958e-04 2.385169598881642383e-04 2.424539223574534127e-04 2.467288922157804642e-04 2.516117144053859776e-04 2.598422582681876353e-04 2.656958130586330982e-04 2.801889985078706872e-04 2.877545388184048073e-04 3.082720636606695692e-04 3.274908654302240629e-04 3.525157344135959863e-04 3.867345962521988876e-04 4.304892643680385735e-04 4.960690540228486099e-04 5.311579076894780340e-04 7.499815409596517898e-04 7.285417494662889187e-04 1.099301226980361383e-03 1.514391884114558605e-03 1.588271233348218609e-03 3.316065305524334549e-03 4.532793203862177378e-03 7.397227486935629981e-03 1.700173701049640176e-02 4.236880542163420221e-02 8.546494969165059630e-02 4.777047542190424045e-01 3.787845033744041245e+00 5.209533824137389502e+01 3.412900014799255644e+01 2.787686042271096731e+00 4.658717111764031360e-01 1.058554329985923470e-01 6.031234610103016619e-02 2.634552061609734402e-02 1.219450908549325578e-02 7.769374513445549864e-03 5.725244233600969290e-03 2.592404378968321110e-03 2.345833106202750880e-03 1.578212995112329839e-03 9.402221870680126624e-04 9.161031682455483870e-04 5.989168470943939887e-04 5.341127203751881020e-04 4.458386572155920028e-04 3.891300655597586949e-04 3.477269049063920849e-04 3.194730125705079709e-04 2.985505986244592130e-04 2.776840050191432970e-04 2.689421935458864992e-04 2.555416672901246033e-04 2.499627570925854587e-04 2.431108896502574021e-04 2.389649634203321027e-04 2.353801213306143782e-04 2.322712512825832144e-04 2.300404527438078706e-04
2.404186536486084937e-04 2.414356537332602284e-04 2.433403750591165066e-04 2.446212648121952175e-04 2.464639546029424714e-04 2.497517856023575146e-04 2.510804787118972592e-04 2.575583204925506464e-04 2.597333596542642170e-04 2.693859012205217902e-04 2.779807082025367534e-04 2.891855129842074842e-04 3.092031473068371662e-04 3.341432523275440205e-04 3.741776503675028594e-04 4.058184120459394249e-04 5.609553195126776260e-04 5.720435015306480101e-04 9.824798381891741792e-04 1.261748292244508143e-03 1.542918108297004287e-03 3.039086048934602335e-03 4.075719411203180230e-03 7.854743770842848721e-03 1.973089160465704012e-02 4.111951476438940878e-02 9.003777146784160135e-02 4.997251656335088832e-01 3.761628253888468221e-01 1.785230776711391520e+00 1.078615099264111032e+00 9.957556892776811552e-02 1.405319300853095088e-01 4.475167466627378438e-02 3.038609958949919226e-02 2.078766965704014272e-02 1.119546938603318588e-02 7.815254326983699443e-03 6.637518230313901001e-03 3.111830627662367284e-03 2.292575023269293431e-03 1.749475079274556222e-03 9.901258201281276389e-04 1.083626544739921651e-03 7.616250702293413718e-04 7.342006722797108070e-04 6.520582664606085254e-04 6.049122702106208985e-04 5.481771210064906958e-04 5.107404540155746804e-04 4.712991744057937367e-04 4.173485403626453656e-04 3.949113139073156284e-04 3.502614754209135064e-04 3.282600855842430663e-04 3.021855564032540991e-04 2.844281228629583951e-04 2.713886963888396714e-04 2.596360872581346835e-04 2.519648407942071816e-04
2.266939997596939288e-04 2.276401964916716569e-04 2.292783292329733723e-04 2.307638708994708251e-04 2.332747952047012168e-04 2.368430385380564628e-04 2.409412659300957569e-04 2.491905725040398259e-04 2.560895176917918131e-04 2.724661922866240316e-04 2.937982728629830306e-04 3.227472207529132010e-04 3.697268689546115168e-04 4.020013531473136674e-04 4.472901698573586828e-04 4.657538683755455813e-04 5.844716049022122316e-04 5.588327259914160645e-04 1.040146600113862506e-03 1.210904433154453771e-03 2.314153609676856092e-03 3.565959335784584221e-03 4.913752069049234610e-03 1.092387949454773528e-02 1.981867308248424359e-02 3.213776229296781695e-02 1.008281646802900861e-01 1.269487418656999045e-01 2.311097633710658406e-01 9.869513636108659393e-02 5.092555577490705948e-02 3.890401637394920453e-02 1.388486013900003084e-02 1.235024510508468676e-02 7.549642659760868839e-03 8.439482862800093410e-03 5.853477581362148685e-03 3.859405331737834465e-03 3.502605895120655330e-03 2.366324507394080689e-03 1.589111639525554297e-03 2.093260654616868523e-03 1.308485519237236397e-03 1.511388672930642644e-03 9.775779187922522227e-04 7.488606092867593472e-04 5.506564999670713863e-04 4.624669379169362013e-04 3.885978323131131446e-04 3.537799406849182274e-04 3.281867929073633617e-04 3.051145590831339481e-04 2.995740695672897426e-04 2.880186383500446100e-04 2.861426305970379922e-04 2.833967190597960761e-04 2.817629654318943308e-04 2.844548760043844396e-04 2.825346286743361975e-04 2.834851268093564053e-04
2.292698295786395508e-04 2.320334347813121688e-04 2.371086521634232071e-04 2.425327373900379208e-04 2.533496703167132042e-04 2.645660360453297400e-04 2.754007982557351935e-04 2.838259984482904906e-04 2.825356019405470399e-04 2.847051427542774261e-04 2.861331675200963118e-04 2.914075129602727117e-04 3.184757584112568943e-04 3.455165188357717937e-04 4.172312047804288375e-04 5.456338430914193897e-04 7.781976051354677799e-04 8.560299578568432259e-04 1.274372247489494138e-03 1.161498561944982041e-03 3.266838779652661649e-03 3.306629532516390090e-03 5.459606922602462838e-03 9.299095706730453950e-03 1.532958700850689526e-02 3.453496991061683757e-02 4.035537170800081175e-02 5.448591322433444378e-02 2.044166557633928655e-02 1.284784244813909002e-02 9.266482259725995416e-03 5.836777617033090011e-03 4.879639546962920120e-03 2.802483818937849969e-03 2.473312958466417858e-03 1.853517137149518143e-03 2.045022355254755807e-03 2.351149654006955657e-03 1.622718505229891117e-03 1.650369163941520136e-03 1.000193569443433078e-03 1.322886029972667691e-03 7.923498010448582927e-04 7.086275677410909871e-04 6.194540739370880825e-04 6.161594129325680428e-04 6.225407101887076326e-04 6.861634258317483859e-04 6.157045485966814412e-04 5.432341034732635640e-04 4.402466721888782753e-04 3.556775023045702150e-04 3.157921797637123400e-04 2.862445309850572528e-04 2.681735210694672733e-04 2.565346201865715257e-04 2.470897902225268781e-04 2.434247710214622578e-04 2.390382667326521168e-04 2.374205284209134580e-04
2.464267031656139535e-04 2.462919212127915865e-04 2.459735683057857024e-04 2.417403667196548053e-04 2.421039906657084526e-04 2.411226963375754913e-04 2.436120037834151074e-04 2.475202241352059346e-04 2.560707489280819376e-04 2.714121877065830881e-04 2.964086628885732552e-04 3.415312838727552246e-04 4.388670953079522969e-04 4.777347478822596520e-04 5.077409646264232409e-04 5.415731110709033971e-04 6.192931314085168074e-04 1.077365934932800065e-03 1.491160435642360565e-03 1.650464210538295272e-03 2.200025548161159243e-03 2.887492757248648952e-03 5.407250190469830610e-03 8.108989343040147110e-03 1.462000298014662532e-02 1.666472434895385768e-02 2.102656943943111839e-02 8.967207575355276919e-03 5.737727281806009709e-03 4.474834962441551385e-03 3.548865081460353659e-03 2.590107002294570696e-03 1.641138056160922802e-03 1.381708365929939716e-03 9.743429411882804187e-04 8.108609981079138631e-04 6.770445174188923637e-04 7.999295419675556910e-04 6.927698169453574799e-04 1.020358150814892114e-03 9.434390327473357856e-04 6.752039262117506130e-04 6.193941908615276451e-04 5.670436029907298696e-04 6.091426498113760571e-04 5.040454494892908973e-04 3.964851996609036647e-04 3.747560018008639976e-04 3.488616713722939196e-04 3.522867535413859680e-04 3.616192924202697831e-04 3.841734393921802156e-04 4.087765189668510647e-04 4.164516679524144361e-04 3.803704939805651036e-04 3.414223372994916396e-04 2.936202784975617337e-04 2.731715327463402109e-04 2.550914798340371287e-04 2.453122437530764512e-04
2.285837449351217567e-04 2.286789736089880898e-04 2.301316385073497314e-04 2.315715196643706943e-04 2.369384415012459498e-04 2.427305653021079963e-04 2.566980283476447892e-04 2.762698346146849203e-04 3.205979596453405081e-04 3.502256694191664904e-04 3.548610483396057451e-04 3.377271393374247505e-04 3.519600037917687768e-04 3.961400499727190088e-04 5.224753718396557469e-04 8.110448383615831945e-04 8.655324392323703302e-04 9.484523176028927891e-04 8.446424560965715839e-04 1.955628569964222140e-03 1.467482541100906908e-03 4.169104829790395983e-03 3.716834192081225948e-03 8.595158354951046298e-03 7.400395045367080468e-03 9.206587571991579552e-03 5.389903605705567875e-03 3.094400889954251974e-03 2.021678072991262617e-03 1.552046144690986907e-03 1.337452183741106139e-03 1.195653414645072915e-03 9.983389084601134323e-04 7.073013519026077715e-04 5.859061511903694390e-04 4.887851101985268886e-04 4.655880493679522870e-04 3.736263807848614910e-04 4.285029427454314010e-04 3.670094661392728067e-04 5.004390817512855208e-04 4.615528081841701420e-04 6.654534829409791859e-04 4.614278116358449438e-04 3.977819942097349844e-04 3.708009499146253259e-04 3.831864351719399195e-04 4.117170989979510335e-04 3.707619311682201096e-04 3.165962345705877149e-04 2.849350060706517347e-04 2.759709126615690427e-04 2.689039450721136359e-04 2.737679140857108336e-04 2.746105045335613072e-04 2.871124221343180727e-04 2.947444391376651917e-04 3.184819451292941251e-04 3.226766977260707523e-04 3.159549003068403816e-04
2.285349146498898078e-04 2.324272651236811225e-04 2.393770311993276625e-04 2.496066811435715405e-04 2.728304558506771944e-04 2.924514844294487533e-04 3.005215836525104278e-04 2.812633064449533097e-04 2.778487527736636349e-04 2.787720226204000668e-04 3.046571919941319173e-04 3.524785792126535703e-04 4.691818941148595632e-04 6.362014416828062988e-04 5.580203762346953086e-04 5.310555391718888886e-04 6.226573397776300617e-04 9.124485620337565057e-04 1.057911725581658045e-03 1.291765696425903982e-03 2.653970152471358309e-03 2.380433963073485919e-03 4.913231940555747544e-03 3.631860357725416339e-03 5.305728451049864999e-03 3.623694858395660329e-03 1.865180705473894283e-03 1.090150296185201598e-03 8.392014299919969009e-04 7.719775649249176891e-04 7.090353389483390178e-04 6.215297308401024172e-04 5.442948644244045234e-04 4.862868040691608077e-04 4.195512398833740105e-04 3.944344497598090788e-04 3.318206801830827406e-04 3.201104944531179587e-04 3.055606811807732681e-04 2.921394616101045407e-04 2.933217116251489779e-04 3.060308406053729026e-04 3.259357135698589245e-04 3.681695169073944968e-04 4.372281304164222452e-04 3.886419369617630671e-04 3.225858896403674663e-04 2.927858277843008454e-04 2.909624090170387953e-04 3.053851638918474989e-04 3.212897265194877925e-04 3.200572285937303184e-04 2.783313205487286624e-04 2.589652773537426183e-04 2.465695911856940169e-04 2.430239612116930385e-04 2.406157144174637854e-04 2.425616856568453170e-04 2.449354158269466592e-04 2.496244247933676846e-04
2.501567839063702854e-04 2.643840480649364659e-04 2.694462680629521609e-04 2.616094285715388212e-04 2.515303061240639496e-04 2.485460106144626391e-04 2.503485782960085827e-04 2.596843995834585412e-04 2.860031053042187471e-04 3.364387503161331110e-04 4.469350608520334571e-04 4.640046612632159622e-04 3.885531350429623047e-04 3.920219180125249312e-04 4.287042469439204112e-04 6.340338032842868449e-04 6.829421072697764708e-04 6.706645379435614016e-04 1.389995858148020298e-03 1.355867660005747287e-03 1.949004043216876533e-03 2.463201536498252874e-03 2.522849623435515203e-03 3.119200655338200297e-03 2.241417999260351436e-03 1.488223701531075742e-03 7.799050064221550249e-04 5.643906787481701992e-04 5.333521516664336019e-04 5.088078866670244253e-04 4.718737203800415754e-04 4.276285836622288920e-04 3.874389015115666099e-04 3.693454906664512985e-04 3.487832644757879203e-04 2.996252507400422598e-04 2.936482166870258846e-04 2.885265410536220934e-04 2.610521874042695187e-04 2.683869250293275657e-04 2.509966789446993647e-04 2.590975259277738954e-04 2.523800098806001013e-04 2.635309225575910774e-04 2.769261592837732214e-04 2.944596806487965557e-04 3.482438047148968567e-04 3.409162111074432399e-04 2.895019348924631462e-04 2.645052106923082751e-04 2.554640053706315169e-04 2.580420674555506332e-04 2.655574283072659886e-04 2.831453242895894313e-04 2.846161117688582884e-04 2.632835275620143715e-04 2.459873045189522921e-04 2.370026196646628355e-04 2.323354967890683151e-04 2.304173686266886489e-04
2.421812994972238192e-04 2.371236080178455979e-04 2.351251313006823317e-04 2.365844452224095007e-04 2.402151958690802356e-04 2.550780786084949300e-04 2.776991779736145364e-04 3.431423501615111170e-04 3.865543575437917732e-04 3.541692406909268689e-04 3.119956861269078635e-04 3.145739828148989207e-04 3.477622503862154999e-04 4.671517048475028059e-04 5.108049460169412264e-04 4.667968013777712248e-04 6.449287876129041657e-04 1.134913065875938149e-03 8.899265562343365620e-04 1.486646125105175022e-03 1.416645832267734127e-03 1.863749836881688996e-03 1.718716429045162152e-03 1.680327196523840943e-03 1.290633842423193935e-03 5.407657167573645240e-04 4.251748191288713457e-04 4.268065630888221037e-04 4.092608249990144654e-04 3.884432194404541239e-04 3.707118619205049346e-04 3.563020225323295905e-04 3.366131908616903684e-04 3.023353893186561279e-04 2.786689484059305406e-04 2.860377429339753521e-04 2.730668620563370987e-04 2.517878504593678126e-04 2.567125294797937543e-04 2.434311424793843910e-04 2.453233223684425234e-04 2.397447203003688708e-04 2.392462344544166620e-04 2.384736307330954778e-04 2.383766774117285680e-04 2.430440393218951723e-04 2.504838619386756194e-04 2.641326721931655346e-04 2.915087662222039049e-04 3.078022831667668138e-04 2.768440628875872217e-04 2.492984901425461357e-04 2.417188767878509874e-04 2.385323168559489620e-04 2.421857884291128357e-04 2.460863533518604278e-04 2.603084100962594163e-04 2.638294564055648555e-04 2.531669043572086215e-04 2.400489478362951581e-04
2.287510137225015074e-04 2.315178774019086005e-04 2.382502034873492758e-04 2.531838236092590587e-04 2.800721553677588309e-04 3.358981147358862124e-04 3.259058870527454166e-04 2.922251360056852447e-04 2.721746182121605271e-04 2.770533473027787449e-04 2.968709070630134810e-04 3.851980386791193224e-04 4.162633157575592008e-04 3.628346671125516447e-04 4.274130382077442284e-04 6.494334756034894672e-04 8.068456276377961641e-04 6.901949505569298119e-04 1.064004306102287519e-03 1.106276699004292170e-03 1.203304875487521330e-03 1.126717509516828855e-03 1.288881133325939666e-03 1.033149755572968474e-03 4.502197599547825549e-04 4.021919325220330477e-04 3.629243351059680228e-04 3.194668935721982979e-04 2.999569142028780987e-04 2.914025985493627017e-04 2.848055614004610663e-04 2.775797939263142510e-04 2.739073717696256555e-04 2.763994769846434408e-04 2.738367147658521492e-04 2.546941745066506912e-04 2.472044531101210926e-04 2.493804267298597825e-04 2.395127098353090958e-04 2.393193015804281551e-04 2.361047707426826769e-04 2.331273307349814950e-04 2.321497121421725596e-04 2.307764806994646906e-04 2.299715341766570746e-04 2.307810081970426252e-04 2.307664427456771221e-04 2.333223892096110733e-04 2.385623842640741707e-04 2.458602126516452966e-04 2.633332759243402687e-04 2.812557286259565565e-04 2.691110724702131993e-04 2.433033389280633201e-04 2.352370396221214587e-04 2.307402420900408070e-04 2.312601965927886841e-04 2.330272880324219865e-04 2.371509387326937285e-04 2.446494667903776677e-04
2.376217683961141054e-04 2.544768501441678531e-04 2.864824172526108390e-04 3.072889597984697222e-04 2.825747157264830805e-04 2.597726552283449080e-04 2.524729647376859555e-04 2.533874225448415015e-04 2.726782645211345366e-04 3.270918917315775252e-04 3.657921174254042361e-04 3.135670619406099235e-04 3.275322537678714702e-04 4.129643370072331402e-04 6.414279048388456380e-04 5.617239937901665620e-04 5.255822784503385485e-04 9.209899279447181231e-04 8.267409284282683634e-04 7.602000371482796164e-04 1.008476754942168145e-03 8.710541225750790054e-04 8.068887741684249671e-04 4.698673454649096148e-04 3.666810658437255404e-04 2.952044336912812124e-04 2.753334771035001005e-04 2.813981733901679784e-04 2.852721490074927482e-04 2.835853909525700572e-04 2.781486598607598175e-04 2.711128760899805660e-04 2.619196336302437571e-04 2.500836485080869774e-04 2.446144898869056583e-04 2.454800393457570815e-04 2.421217183144276142e-04 2.354038228871837906e-04 2.359814912183665905e-04 2.336416941997266554e-04 2.309478640490988271e-04 2.304023603706918319e-04 2.288711065455405495e-04 2.276023220381522287e-04 2.272685022430689450e-04 2.262894669574343502e-04 2.259777387388486934e-04 2.260193983014561537e-04 2.262768809974222313e-04 2.278259257011284035e-04 2.306835458215628337e-04 2.366717557585270063e-04 2.450373925201490663e-04 2.635552849171489626e-04 2.602738221673809899e-04 2.413088611361431613e-04 2.316587887983754504e-04 2.274881199338904298e-04 2.263789364859749285e-04 2.264347096319796915e-04
2.816986803666995964e-04 2.788961764138673952e-04 2.545276037037303958e-04 2.438275435351147657e-04 2.401610636551661194e-04 2.409851780919434387e-04 2.569004647225392153e-04 2.923569929636443232e-04 3.318633543175942028e-04 2.867269290028715977e-04 2.836871464229135851e-04 3.128538392096694024e-04 4.473263698277058463e-04 5.378865148507995866e-04 4.110565770689556930e-04 4.613379502960651777e-04 8.066390481624890248e-04 5.821212004818886914e-04 5.957757046040301719e-04 8.658146183416513342e-04 5.881011420810978085e-04 7.322233466860722647e-04 4.881354415858932868e-04 3.218082620164685595e-04 2.686445580203052682e-04 2.692890312163504982e-04 2.700610616191601206e-04 2.623633980812677602e-04 2.546076278028910097e-04 2.497280488879915876e-04 2.468712645359581498e-04 2.458743159607319545e-04 2.451066561261257964e-04 2.447111501193895708e-04 2.406946775430276607e-04 2.353982411479797570e-04 2.338201878714244797e-04 2.341002889071034797e-04 2.309890842454959353e-04 2.292045590182540467e-04 2.284602596601694423e-04 2.269220804590854732e-04 2.259148186743233934e-04 2.254369671387888147e-04 2.250697283589386149e-04 2.245992784841040722e-04 2.244630474167634093e-04 2.242619900251531799e-04 2.239395962128498544e-04 2.241887854473311196e-04 2.241108456066287936e-04 2.251250416046985650e-04 2.266001700416204654e-04 2.308521550674230184e-04 2.355163222546112468e-04 2.490928826941019134e-04 2.535679384613848900e-04 2.394202721620346166e-04 2.304527871572318611e-04 2.257303571173170772e-04
2.415113043957689250e-04 2.343962499910629221e-04 2.323329696604551449e-04 2.346975368697590909e-04 2.450713220837241919e-04 2.731099748917780942e-04 3.024461236531504876e-04 2.745302929416309026e-04 2.590871038094835462e-04 2.717413857892194036e-04 3.186797839233371493e-04 4.754802143445924440e-04 3.908344991591706000e-04 3.524073188951262368e-04 4.237923202703315064e-04 6.586375205961740283e-04 4.753363152599259433e-04 4.819799124986117204e-04 6.803808429047601648e-04 4.878514210686486731e-04 6.125874235273281662e-04 4.560802466790998735e-04 3.019855602072977086e-04 2.669896248932516472e-04 2.604646971360872120e-04 2.507332034463872865e-04 2.436039195897030834e-04 2.422237581515404505e-04 2.421560155361029932e-04 2.416837999974387333e-04 2.403070290551748665e-04 2.377233846150327348e-04 2.348311213862775641e-04 2.325429820222383182e-04 2.322940037208972837e-04 2.325940529058034660e-04 2.312317452399372073e-04 2.287245903315352565e-04 2.280618006447084881e-04 2.270791702386736207e-04 2.257535809564105607e-04 2.251625604682946555e-04 2.248121264889782153e-04 2.244915775336200512e-04 2.237498410613208239e-04 2.233155051532730246e-04 2.229823987187018952e-04 2.226415806224781957e-04 2.226372259379821395e-04 2.224898199156552850e-04 2.225768538064152083e-04 2.226672488645032384e-04 2.229131673053300565e-04 2.233458663127369436e-04 2.245121206643951233e-04 2.268386919658997125e-04 2.306663910854891107e-04 2.384502238051260927e-04 2.464684823798206164e-04 2.391470825788053313e-04
2.282206639263637904e-04 2.298057341917487918e-04 2.388733377760734566e-04 2.574726334141401126e-04 2.841998668938037109e-04 2.652785354496970359e-04 2.475824039981373414e-04 2.501071599303482168e-04 2.707338938615187090e-04 3.505168846447003113e-04 4.107842560184614519e-04 3.220192689769672671e-04 3.152409777927372373e-04 3.962036010386890076e-04 5.713587133174332245e-04 3.954932695000950541e-04 3.945441363433354210e-04 6.011665737514387039e-04 4.247803924204149924e-04 4.411675066843008660e-04 4.629972717270753419e-04 3.078405690149764473e-04 2.601593169355704400e-04 2.471423222801189326e-04 2.406930732102585690e-04 2.395050040862886989e-04 2.401313113300320757e-04 2.387926340751800433e-04 2.371924252584419607e-04 2.356271211577446432e-04 2.346232766506886787e-04 2.333973550773441161e-04 2.328438582996699639e-04 2.318191169952467129e-04 2.300291082455659152e-04 2.282785143959609924e-04 2.274435563520348330e-04 2.268372913309147927e-04 2.257138928114706675e-04 2.249085829098190011e-04 2.245112679414701102e-04 2.240490046187973785e-04 2.236413228299990975e-04 2.230432322332112844e-04 2.228574298524293648e-04 2.227047449605743217e-04 2.224840103025594576e-04 2.222683849265445169e-04 2.220745076616563939e-04 2.218241427317889760e-04 2.217720466443498853e-04 2.216164949582748059e-04 2.216927726535506554e-04 2.216571879939527843e-04 2.219377476882579186e-04 2.221948016600945835e-04 2.229361091434142446e-04 2.247016329230166250e-04 2.269253897130681314e-04 2.324865703932960819e-04
2.335003159205430460e-04 2.478441325625843302e-04 2.708181111803036598e-04 2.574213299852862484e-04 2.419585476768240748e-04 2.383567483819186168e-04 2.483300427367643253e-04 2.780805703254709800e-04 3.757934585206899750e-04 3.291058202076549422e-04 2.872425841243245919e-04 2.913457834469250474e-04 3.971184854063742361e-04 4.732182918522605340e-04 3.403509590032911727e-04 3.522159268888534452e-04 5.198655021203402041e-04 3.705957233112971267e-04 3.627976116898728423e-04 4.793572651529165755e-04 3.035208397178445691e-04 2.535988089896211222e-04 2.422971186019300224e-04 2.372097788154040661e-04 2.352422623228934235e-04 2.340754597480147075e-04 2.320767936890695505e-04 2.312680678954133538e-04 2.303001698137860668e-04 2.301061682832028249e-04 2.291184954112526545e-04 2.285851069632774900e-04 2.278942578744663251e-04 2.272838038878258529e-04 2.269700132385057544e-04 2.265563708910991547e-04 2.257459405733578750e-04 2.248336811463475437e-04 2.242630940096951742e-04 2.237973536829831545e-04 2.235156831639590550e-04 2.232313322454020392e-04 2.227935513356962740e-04 2.225303689127274324e-04 2.222316272814764437e-04 2.219272637327860623e-04 2.217450321232595633e-04 2.217087394276529358e-04 2.215643412815521671e-04 2.215793567098801268e-04 2.214094933179496622e-04 2.213714213334176640e-04 2.212572770913826480e-04 2.212262993148736260e-04 2.212059497226106749e-04 2.212258639755361304e-04 2.213539724569851699e-04 2.215234127643798858e-04 2.219889923259594166e-04 2.230180021127467840e-04
2.604102980421850433e-04 2.532313007765581484e-04 2.370565089858194495e-04 2.335508445330575396e-04 2.354884286768932778e-04 2.509901887459243066e-04 2.999876735727991395e-04 3.457838544647384455e-04 2.839890682701699072e-04 2.640554655939449818e-04 2.819975880946533017e-04 3.935248075842397381e-04 3.935688329933128464e-04 3.107784095580944138e-04 3.142432851185407222e-04 4.498322362929607285e-04 3.493542839103234900e-04 3.184504184654489943e-04 4.266342815652849848e-04 3.049985584138277203e-04 2.550183258632704800e-04 2.387714607911982292e-04 2.325721709319962679e-04 2.311776583655595512e-04 2.306282399731483964e-04 2.292621349196138805e-04 2.291994601626041463e-04 2.283218530212215549e-04 2.282518425589761006e-04 2.275289855663924481e-04 2.272200954716053220e-04 2.267347845227596641e-04 2.262352807511445053e-04 2.257848179234757532e-04 2.251222596164141046e-04 2.245334830127082939e-04 2.240177682972835339e-04 2.236609578675187112e-04 2.233276117163178432e-04 2.232200997780333773e-04 2.229019981778906977e-04 2.224447043107801890e-04 2.221366444501170526e-04 2.219413024525503856e-04 2.217902254839554030e-04 2.216229930657438816e-04 2.214988738427753063e-04 2.212506179292761995e-04 2.211690127741915992e-04 2.210783179980580751e-04 2.210238397252555452e-04 2.210099348186214761e-04 2.209380569786025320e-04 2.209453652266817221e-04 2.208858458793325717e-04 2.208678939312193833e-04 2.208921280454412869e-04 2.208677793769289049e-04 2.210413060243743798e-04 2.211232950547277649e-04
2.346917162568884420e-04 2.300531806703680175e-04 2.297612018851720027e-04 2.361748216643315911e-04 2.591712133782801491e-04 3.166648940039601921e-04 2.969416179640471773e-04 2.611701590461135408e-04 2.505695058826739870e-04 2.794852057493902881e-04 3.797733204874340876e-04 3.455062133808094226e-04 2.847692111367803518e-04 2.881564167817170187e-04 4.120100121352816922e-04 3.279530231136934364e-04 2.878241375068093795e-04 3.669760034108139266e-04 3.166619005208593071e-04 2.546215986852133975e-04 2.356789132518806831e-04 2.307321922921027452e-04 2.296578522085289517e-04 2.285172009600917149e-04 2.269037722075405660e-04 2.268368000923899456e-04 2.261072771622533485e-04 2.259183040893006432e-04 2.256434294393062532e-04 2.252193126054949834e-04 2.250238224887688007e-04 2.245697672329701735e-04 2.243253615828364443e-04 2.240375116487008478e-04 2.236804463249930772e-04 2.233120150270237123e-04 2.231203253506211374e-04 2.229598155802566819e-04 2.227389004721414261e-04 2.223725922087577047e-04 2.221041878836598155e-04 2.219109354124617034e-04 2.217481903152364352e-04 2.215583935284703445e-04 2.213883494269618276e-04 2.212975599516190544e-04 2.211693028699042690e-04 2.211520228092811425e-04 2.210474201686170618e-04 2.209136352943223474e-04 2.208508669726491364e-04 2.207522782526740791e-04 2.207436635715938290e-04 2.206944986503080956e-04 2.206688677784959069e-04 2.206690575199953019e-04 2.206419223575484560e-04 2.206391842511624902e-04 2.206287502462796820e-04 2.206333085491598818e-04
2.264303185208589250e-04 2.291693332683276084e-04 2.410895328715823038e-04 2.688038917158247368e-04 3.099858060946336777e-04 2.646139066976834820e-04 2.450197402438453534e-04 2.453893876057400844e-04 2.766789076187264689e-04 3.626458978414763860e-04 3.123697569312363894e-04 2.649372379707443212e-04 2.738033382784981298e-04 3.706253880748124887e-04 3.113246389832923606e-04 2.732577795866488737e-04 3.089242216586690929e-04 3.259456565446744859e-04 2.570318942453577891e-04 2.349664964352822321e-04 2.291900446123655794e-04 2.276176593241959335e-04 2.264764819204269906e-04 2.255259168727060065e-04 2.258017785102759952e-04 2.251412522589754184e-04 2.247315433531449347e-04 2.245620316629512957e-04 2.240136258201571825e-04 2.239169616461906317e-04 2.236576442837090830e-04 2.234467412593023675e-04 2.232605483282949332e-04 2.230939619439703612e-04 2.229133151050623077e-04 2.227448541599946405e-04 2.225209906028473945e-04 2.222407947589847654e-04 2.220294135390683300e-04 2.218485824138058437e-04 2.216797484488120039e-04 2.215301296648117398e-04 2.213680107248173546e-04 2.212650686041125472e-04 2.211660654031173462e-04 2.210028358525840963e-04 2.209327643564476475e-04 2.208355113909276604e-04 2.207579786705262119e-04 2.207579658530495854e-04 2.207074133777313233e-04 2.206595962133101974e-04 2.206010998802834984e-04 2.205626880586535304e-04 2.205386869315629236e-04 2.205214932895780474e-04 2.204706651990010337e-04 2.204912698281537037e-04 2.204766714647003506e-04 2.204717603829126646e-04
2.317528310101167307e-04 2.444178509086075463e-04 2.847349942202321042e-04 2.806919206155923446e-04 2.456372787513454582e-04 2.374691146735171819e-04 2.425542832344952876e-04 2.731719900652706569e-04 3.520795248921833624e-04 2.853241558078816733e-04 2.522287964983706342e-04 2.632334959985955809e-04 3.333690689516469359e-04 3.048078630423128920e-04 2.619687872179859035e-04 2.722674325004311672e-04 3.360743360382024265e-04 2.611986420557209018e-04 2.340874476226647205e-04 2.279192166112135691e-04 2.265435150148940966e-04 2.253561667070326068e-04 2.243982266044944752e-04 2.244987837240592060e-04 2.238747578124234544e-04 2.235036904159118647e-04 2.236995336382347572e-04 2.233474840455971849e-04 2.233359699708914101e-04 2.231901705975547555e-04 2.229712879319485782e-04 2.228083717560152524e-04 2.226333778488135925e-04 2.224470891095191815e-04 2.222533519121750747e-04 2.220554456289908760e-04 2.219017949321055625e-04 2.217737889465506193e-04 2.216251616645953187e-04 2.214835899409217906e-04 2.213231554837106997e-04 2.211812708541253513e-04 2.211055159154608294e-04 2.210221285019387167e-04 2.209091398498563949e-04 2.208929672383591614e-04 2.208181391079111293e-04 2.207356263887699885e-04 2.206827954385350932e-04 2.206012433378903490e-04 2.205406237021191661e-04 2.205342650788900581e-04 2.205080139242298351e-04 2.204659651001342332e-04 2.204378580525860457e-04 2.204029120827514425e-04 2.204154527484603683e-04 2.203919962044191257e-04 2.203630462759467289e-04 2.203659956613983892e-04
2.543517052583842901e-04 2.856536012505372837e-04 2.519897220367876074e-04 2.369251361899444392e-04 2.326460046865063184e-04 2.402267353400814557e-04 2.769188022710652487e-04 3.293554672565742868e-04 2.660936081301381673e-04 2.451999542626212146e-04 2.529317467480163089e-04 3.070298148204046208e-04 3.012797067132721583e-04 2.530731334247249709e-04 2.555375728844194445e-04 3.228818381279820160e-04 2.627555320620896862e-04 2.348183978047000157e-04 2.276981453824937507e-04 2.255799295435624325e-04 2.241895301951003523e-04 2.235779061446840313e-04 2.237037150462610350e-04 2.232632949472383656e-04 2.228097047892969114e-04 2.229469262797252474e-04 2.226373567747967207e-04 2.225724724842881406e-04 2.224554973424587849e-04 2.222925854065340042e-04 2.221741150221964972e-04 2.220967149911431916e-04 2.219784173180702454e-04 2.218667005562360752e-04 2.217524865095197098e-04 2.216287487470165090e-04 2.215271788837955887e-04 2.214285894379549560e-04 2.212975187542808161e-04 2.211737181964865400e-04 2.210961069719272730e-04 2.210407659088230831e-04 2.209252091490341002e-04 2.208222727922653334e-04 2.207656545920625660e-04 2.206862422370127507e-04 2.206198735138816664e-04 2.205892363243174405e-04 2.205598223440500877e-04 2.205183900929106428e-04 2.204927907301317111e-04 2.204397836971234807e-04 2.203987739210006491e-04 2.203904331781170699e-04 2.203753882766390341e-04 2.203466530027636317e-04 2.203244328675349343e-04 2.203026290065931416e-04 2.203023026676710291e-04 2.203217584130973182e-04
2.569257067622116053e-04 2.417672732351071926e-04 2.305123766664848048e-04 2.298412347726599416e-04 2.412115722576128429e-04 2.774238667815738741e-04 3.041893599293034409e-04 2.562710036841699124e-04 2.385351247888905981e-04 2.449076405821068816e-04 2.922464383437174641e-04 2.942690108997313104e-04 2.473702626767007150e-04 2.459363102970278572e-04 2.890479796208328704e-04 2.687492282804905780e-04 2.371745927691511094e-04 2.272937414189971539e-04 2.247260636897182565e-04 2.236037052910830303e-04 2.231216522738778483e-04 2.230130009775975204e-04 2.226248864808303264e-04 2.222348620676472750e-04 2.223904215397466482e-04 2.222113570987203218e-04 2.220843096481840435e-04 2.220269749259280788e-04 2.218916765401432098e-04 2.218031150381991447e-04 2.217153250076896393e-04 2.216596141947279816e-04 2.215669786440042401e-04 2.214905745990771899e-04 2.213997177857293989e-04 2.212699829410982920e-04 2.211960785756934790e-04 2.211128766383457160e-04 2.210406331858213590e-04 2.209781989153404547e-04 2.208928273127199436e-04 2.207921555482621060e-04 2.207602897469590042e-04 2.207158198257753719e-04 2.206467142014236025e-04 2.205884969197340355e-04 2.205509652644001696e-04 2.204966543340990137e-04 2.204406258548008153e-04 2.204159336839183305e-04 2.203915301250586626e-04 2.203689827702638520e-04 2.203410466210390165e-04 2.203200603034096230e-04 2.202845072280486054e-04 2.202918967195970773e-04 2.202813648005025370e-04 2.202651349800174851e-04 2.202644157010449748e-04 2.202085998388810700e-04
2.341860077896420296e-04 2.264090703960592958e-04 2.297707962969605167e-04 2.399085117453855906e-04 2.786300765088940354e-04 2.884528092701453311e-04 2.460676472326961363e-04 2.337760631297076442e-04 2.406826811268619813e-04 2.759488175043497862e-04 2.864521463646516010e-04 2.454378091349980863e-04 2.386349237911896412e-04 2.599680520919825442e-04 2.807715995074606822e-04 2.397817270039177872e-04 2.270008686733265911e-04 2.243358071051776805e-04 2.231618816387797091e-04 2.225629426827432412e-04 2.224151103620574418e-04 2.222611439818534499e-04 2.219197646838256199e-04 2.219566617221399878e-04 2.218677977869808410e-04 2.216469914436310898e-04 2.216100928810518225e-04 2.215320140269385252e-04 2.214685311388351718e-04 2.213696488734264941e-04 2.213623950129527801e-04 2.212896952850030490e-04 2.212049250844955162e-04 2.211644379953564131e-04 2.210734589273509443e-04 2.210253139835704995e-04 2.209720833813650970e-04 2.209138850921141468e-04 2.208431852229212288e-04 2.207623046051827636e-04 2.207212198521696757e-04 2.207021718632893627e-04 2.206388045609765955e-04 2.205682530239131886e-04 2.205211214641886945e-04 2.204933723300682435e-04 2.204559928944062764e-04 2.204188607304665044e-04 2.203992148011326931e-04 2.203667715026486561e-04 2.203319160821081086e-04 2.203013094266759360e-04 2.203001224833607899e-04 2.202672373217520502e-04 2.202651688179311032e-04 2.202362964952956650e-04 2.202095511555694990e-04 2.202080149704346715e-04 2.201974087399348760e-04 2.202056419735474112e-04
2.257507153060044362e-04 2.285468639556638361e-04 2.394542021123331646e-04 2.854586188545764607e-04 2.670868106881528221e-04 2.395167846454093036e-04 2.312413337758291909e-04 2.356526191289234082e-04 2.634865852589818530e-04 2.852152113408519497e-04 2.427783048056445631e-04 2.333584434940147575e-04 2.459324220673796114e-04 2.866843837257169406e-04 2.413544894942572683e-04 2.274192264872662778e-04 2.241167165030656259e-04 2.227157879368161467e-04 2.221739639929886940e-04 2.221344412530066518e-04 2.219717735132570877e-04 2.215776373907746646e-04 2.215119960979525216e-04 2.215427362985292550e-04 2.213347597796668669e-04 2.213305513457843726e-04 2.213377937900577990e-04 2.212586540779635591e-04 2.211612343595632693e-04 2.211642740475775848e-04 2.211061275160640805e-04 2.210433144629540803e-04 2.210231650200121826e-04 2.209425507254988280e-04 2.209085098952841915e-04 2.208467182412053814e-04 2.207804833023255795e-04 2.207297742357406441e-04 2.206872931783878538e-04 2.206564369061670165e-04 2.206058255954107409e-04 2.205410227618834304e-04 2.205086418604754520e-04 2.204857997535568642e-04 2.204570619224752788e-04 2.204063189001859385e-04 2.203726419953881222e-04 2.203573116565749144e-04 2.203364004525265932e-04 2.203053759959676362e-04 2.202763111487092992e-04 2.202746912291148930e-04 2.202422214693702373e-04 2.202338231332041387e-04 2.202200182407158791e-04 2.202048639572692186e-04 2.202048938377945458e-04 2.201944527910656003e-04 2.201620491716538199e-04 2.201689435082400663e-04
2.264869485848505879e-04 2.444603576152668272e-04 2.758183217389938396e-04 2.553975195990861231e-04 2.356878828066020397e-04 2.281317093537070008e-04 2.325662796798038886e-04 2.568824265852537726e-04 2.779648283722631016e-04 2.403252108524645849e-04 2.310607528080536606e-04 2.375011440846875287e-04 2.736178227649099467e-04 2.445152510326798856e-04 2.287736471276670045e-04 2.238828635678004754e-04 2.223781835394996972e-04 2.219764806168638565e-04 2.218741171038109930e-04 2.216048362844558574e-04 2.212986120870469623e-04 2.212854468931033537e-04 2.213561910952822030e-04 2.211472945429263602e-04 2.210896173065243081e-04 2.211150925620493065e-04 2.210100441033364341e-04 2.209325594038606005e-04 2.209490782956298146e-04 2.208939354486775858e-04 2.208409923475582182e-04 2.208356864567653820e-04 2.207706906541834365e-04 2.207407226404721782e-04 2.207123644924942622e-04 2.206800090105249731e-04 2.206551450590248987e-04 2.206157033892867448e-04 2.205735357137011867e-04 2.205275749440120886e-04 2.204908095896118464e-04 2.204602308411406769e-04 2.204338253472492258e-04 2.203981867307645717e-04 2.203689233585048922e-04 2.203539948681592178e-04 2.203321741781789098e-04 2.203102153319948123e-04 2.202796300961815123e-04 2.202583024296768193e-04 2.202518125300481297e-04 2.202204215206874163e-04 2.202143146927170239e-04 2.202040756057428250e-04 2.201876011995472558e-04 2.201807150614767147e-04 2.201762949150902742e-04 2.201471541705373304e-04 2.201686439388370368e-04 2.201301808431170874e-04
2.477820670114504187e-04 2.617930628066945974e-04 2.518909360863416354e-04 2.300111938560068397e-04 2.267767528592991386e-04 2.307363215935982358e-04 2.474304581882944692e-04 2.733763508174993245e-04 2.402007668217525640e-04 2.289082824834909693e-04 2.313676539998434664e-04 2.579770824319758504e-04 2.510196486133420756e-04 2.298055207547674867e-04 2.237591822235415642e-04 2.223235602924487680e-04 2.218279713345127301e-04 2.215582864221243896e-04 2.213280777947353270e-04 2.211512066090035576e-04 2.211259493520563262e-04 2.211241658595096990e-04 2.209382022358539631e-04 2.208740434911337627e-04 2.209332037589435357e-04 2.208717040749222588e-04 2.208016158888195606e-04 2.208316743570931163e-04 2.207953474834619290e-04 2.207359766936172385e-04 2.207426648789063614e-04 2.206968007976252216e-04 2.206684300315340998e-04 2.206319983080322919e-04 2.205963839123990095e-04 2.205627600850972861e-04 2.205228163200771685e-04 2.204950684272350650e-04 2.204712720837510886e-04 2.204569493946788175e-04 2.204310256554160418e-04 2.203986299873858664e-04 2.203642495827713807e-04 2.203373583751712015e-04 2.203179258466253434e-04 2.202949786115272106e-04 2.202722629758624212e-04 2.202477544640014668e-04 2.202389317601205986e-04 2.202304812995469537e-04 2.202000462993682691e-04 2.201972455639424368e-04 2.201855343257815034e-04 2.201687579561357859e-04 2.201576424859784679e-04 2.201544832038220001e-04 2.201306037669691410e-04 2.201444055196931815e-04 2.201226328646378966e-04 2.201388482056273565e-04
2.605297191182513413e-04 2.445338512094541710e-04 2.265540170399832343e-04 2.264400662024589408e-04 2.272855814066238847e-04 2.432762888273100571e-04 2.724687512150439947e-04 2.375860470085752263e-04 2.276078357180687814e-04 2.284776814044581824e-04 2.433403664155080269e-04 2.554800020893820394e-04 2.317069668897977532e-04 2.241177428469069753e-04 2.221964299144600684e-04 2.215846066076733651e-04 2.213327883514528045e-04 2.212052656201136665e-04 2.210395364177902822e-04 2.209454962673501372e-04 2.208995218269206638e-04 2.208259114403660116e-04 2.207595382107692514e-04 2.208144020790902141e-04 2.207468476832222715e-04 2.206723000330170035e-04 2.206747142894780920e-04 2.206583872713574392e-04 2.206102252938756136e-04 2.206005135883585774e-04 2.205777447799690469e-04 2.205478996264525170e-04 2.205226237382084493e-04 2.205048469360826281e-04 2.204885267251876298e-04 2.204663555070523714e-04 2.204511350315915472e-04 2.204273488324859907e-04 2.204009742889174376e-04 2.203667449804610795e-04 2.203392140458443685e-04 2.203227350554587567e-04 2.203085195862568648e-04 2.202943238487722910e-04 2.202784402897054589e-04 2.202544602511882039e-04 2.202312117857318954e-04 2.202258878712647636e-04 2.202107039223340581e-04 2.201902291002739260e-04 2.201901919065753384e-04 2.201739832443967574e-04 2.201565979460606370e-04 2.201512661446129672e-04 2.201512942335813201e-04 2.201272644478409056e-04 2.201274395024580834e-04 2.201094861633006599e-04 2.201096917334032942e-04 2.201058790187054338e-04
2.357577052236232453e-04 2.259807912281719042e-04 2.250464458902211079e-04 2.252403376429499269e-04 2.426646011870237400e-04 2.602359404823453674e-04 2.369946036404230216e-04 2.274402743107876036e-04 2.257704248959077392e-04 2.342886909299008618e-04 2.591649848425418151e-04 2.342648703794225932e-04 2.243467568112226824e-04 2.220978558429764966e-04 2.215287457482610471e-04 2.212057296077818858e-04 2.210518541674551588e-04 2.208840847030035034e-04 2.208185853699068022e-04 2.207729200284011669e-04 2.207437636573843958e-04 2.206508920444152737e-04 2.206632093741320300e-04 2.206199510112186646e-04 2.205677657432228086e-04 2.205804124591187042e-04 2.205707731430203461e-04 2.205392341518566332e-04 2.205274826061707767e-04 2.205121077513033960e-04 2.204843078851767026e-04 2.204667848098384000e-04 2.204529197878963697e-04 2.204399352564269995e-04 2.204089797091875907e-04 2.203948206663806410e-04 2.203642295903849180e-04 2.203423645776287731e-04 2.203286033402628908e-04 2.203144456592283980e-04 2.203061542637571243e-04 2.202885768314209692e-04 2.202724200454531534e-04 2.202477951561674664e-04 2.202229086661701462e-04 2.202104758076483615e-04 2.202086840384676904e-04 2.201862482795009985e-04 2.201727476615451481e-04 2.201708306030758489e-04 2.201552657718272164e-04 2.201469807561482535e-04 2.201442728630010454e-04 2.201393638071542978e-04 2.201146713787933669e-04 2.201169829886906806e-04 2.201077126749467923e-04 2.201066604044960050e-04 2.201051743091650100e-04 2.200819891565291013e-04
2.256446197283892082e-04 2.233349659611410989e-04 2.251931488427063048e-04 2.382135125268500936e-04 2.509129231899965076e-04 2.396281190206587023e-04 2.259551864831877116e-04 2.242659861448283078e-04 2.307262302610614926e-04 2.513367346102219984e-04 2.359087681721052765e-04 2.251608839081528537e-04 2.222720033940091971e-04 2.214177000228601650e-04 2.210131876949695585e-04 2.209433642046733934e-04 2.208043717815307005e-04 2.207304922836075779e-04 2.206541999596920659e-04 2.206401222086129142e-04 2.205649169573452837e-04 2.205576099828222782e-04 2.205465899130082115e-04 2.204976681825019497e-04 2.205012147470803156e-04 2.204835610667217247e-04 2.204464552952708958e-04 2.204309010328458574e-04 2.204311797874416523e-04 2.204030884098500895e-04 2.203855410531308716e-04 2.203847716139764449e-04 2.203707095521483255e-04 2.203422958756059698e-04 2.203375910644303926e-04 2.203172085055068172e-04 2.203103288848568854e-04 2.203066662453602876e-04 2.202866088229252456e-04 2.202723880656633248e-04 2.202481555303141146e-04 2.202352237582970960e-04 2.202146080706888153e-04 2.202054785562222207e-04 2.202043143323279830e-04 2.201936772061241965e-04 2.201736943720317640e-04 2.201673775320408481e-04 2.201612463564031001e-04 2.201434326262502906e-04 2.201331184199882128e-04 2.201271623976254867e-04 2.201221589538704968e-04 2.201060521940731429e-04 2.201108085718740117e-04 2.201045609178147919e-04 2.201002240522229383e-04 2.200988906410362425e-04 2.200774208046237586e-04 2.200906768978706698e-04
2.224589338251087419e-04 2.251923043459764888e-04 2.323191247326400249e-04 2.525653427407190035e-04 2.391594149732133084e-04 2.245246853163841336e-04 2.241779150870374412e-04 2.267149594529372497e-04 2.386246596873871524e-04 2.425469774780149030e-04 2.263452120205293634e-04 2.222390606416998300e-04 2.213327195998979267e-04 2.209646053570708747e-04 2.208883897634285397e-04 2.206882106894766059e-04 2.206168669688094092e-04 2.205767039713404736e-04 2.205616836141995952e-04 2.205076344543978675e-04 2.204614339331891610e-04 2.204689434321500062e-04 2.204374625689479387e-04 2.204245728481484359e-04 2.204131772476117755e-04 2.203928395746700944e-04 2.203858267952761216e-04 2.203844573575522306e-04 2.203564848303395606e-04 2.203419582908085596e-04 2.203475230779031722e-04 2.203253368946952485e-04 2.203107133341389193e-04 2.203102032620202352e-04 2.202857599530024869e-04 2.202760063441809753e-04 2.202689600622920077e-04 2.202451117864023355e-04 2.202366193381157693e-04 2.202188993274944442e-04 2.202099634164909989e-04 2.202038459238143736e-04 2.201987287597325271e-04 2.201850921833504646e-04 2.201653330774489806e-04 2.201572495196127486e-04 2.201557029413341103e-04 2.201455739340831344e-04 2.201340910198501619e-04 2.201291162586110884e-04 2.201280489645881795e-04 2.201192526303957537e-04 2.201022248781099361e-04 2.201021645358586395e-04 2.200916716742239751e-04 2.200885250867785936e-04 2.200878813310574457e-04 2.200703680739542895e-04 2.200831908102914903e-04 2.200694329934632513e-04
2.242013994582395882e-04 2.291930200510556637e-04 2.551605152844650974e-04 2.355191167052700743e-04 2.247636800493099175e-04 2.237875438420057212e-04 2.235512292108405219e-04 2.338489790025427041e-04 2.489935122908590727e-04 2.263525875765680796e-04 2.226073633839702041e-04 2.214164086315656736e-04 2.208623072990517926e-04 2.207594178917575531e-04 2.206120891580744996e-04 2.205763889481998706e-04 2.205333775702922761e-04 2.204650515660716277e-04 2.204402293408693175e-04 2.203967995421861835e-04 2.204148480035751775e-04 2.203914174552061838e-04 2.203579548904138015e-04 2.203435826420252984e-04 2.203353777579588626e-04 2.203300364553847175e-04 2.203207278103651214e-04 2.203042239785793597e-04 2.202958406128387137e-04 2.203001605406663065e-04 2.202791579921076876e-04 2.202706328294394892e-04 2.202702049621829174e-04 2.202487278556216764e-04 2.202422043603405224e-04 2.202341127666012927e-04 2.202167400247216167e-04 2.202119647882134817e-04 2.202055196287042518e-04 2.201975190092819148e-04 2.201878744151463535e-04 2.201760014933353362e-04 2.201624041212219842e-04 2.201549027881406241e-04 2.201527111538005772e-04 2.201427432428558993e-04 2.201296163564576589e-04 2.201220087032850858e-04 2.201182959750679362e-04 2.201156452254934793e-04 2.201033862330304520e-04 2.200928766089486714e-04 2.200953068746270137e-04 2.200868108263189351e-04 2.200870063823028846e-04 2.200824113854032255e-04 2.200653676786986322e-04 2.200761075598669765e-04 2.200671126659767057e-04 2.200679022062111939e-04
