0.000000000000000000e+00
1.171244479366236914e-02
1.616668352642820772e-02
1.948349962291048149e-02
1.930061900686010426e-02
1.243965719663358595e-02
2.404919143724619165e-02
1.587077677844529397e-02
2.990492590529201730e-02
5.454269457221350842e-02
6.179355919244958195e-02
4.793239881379253442e-02
2.258968806048371539e-02
8.726677283815320596e-03
5.819590683705308000e-03
1.076612383853857609e-02
1.880083793546303769e-02
8.437444959958505589e-03
3.676823806270378137e-02
5.230861123521071687e-02
4.704637212811057373e-02
3.035049599838096981e-02
1.429617708272614210e-02
7.475997402999225855e-03
1.061082613107997008e-02
1.822521217378814465e-02
1.381321706729998593e-02
2.513637999351765046e-02
6.368844188096428605e-02
8.454633665880392779e-02
7.084634863236771718e-02
4.433310422025173864e-02
2.533472410736485603e-02
1.298499963616830781e-02
1.969147688766363473e-03
1.482833475742820597e-03
2.426150451842197867e-02
2.004894774415511352e-02
6.135270553277547001e-03
0.000000000000000000e+00
