0.000000000000000000e+00
1.078571932806400742e-02
1.562762899864875155e-02
2.033499060345482154e-02
2.311063787574767214e-02
2.111208803795841873e-02
3.408140995817315194e-02
2.557785210188623023e-02
2.442925918889366291e-02
2.477883320054716232e-02
2.296439286605164720e-02
2.377689536746533522e-02
1.818433220233829292e-02
1.276589861016002268e-02
1.026918282149352595e-02
1.351771375355639328e-02
1.970028040540543895e-02
8.147942277906276148e-03
2.349494234070695353e-02
2.804153620771279373e-02
2.761534753608726675e-02
2.912016149179848593e-02
2.866705848760037201e-02
2.759819934098135114e-02
3.047558087179297673e-02
3.667045302281835006e-02
3.187596156973073608e-02
3.289529874570731871e-02
4.510286907285197822e-02
4.708875539588144171e-02
4.667452153414237276e-02
5.093278025686777399e-02
5.040283556570016033e-02
3.957365466349733324e-02
2.311360018832088817e-02
1.511280296442633377e-02
2.834320951581330641e-02
2.095751938570722048e-02
7.077854244103697068e-03
0.000000000000000000e+00
