0.000000000000000000e+00
7.571967731534478586e-03
1.046985939741544060e-02
1.271463074522521247e-02
1.300251232813865419e-02
9.768335143877350524e-03
1.953629289460487653e-02
1.557722938585783500e-02
2.006869977798408922e-02
2.613680388982733693e-02
2.771103256817626995e-02
2.728429170756830474e-02
1.988808532035784421e-02
1.388031719921503475e-02
1.352304419787517253e-02
2.134412105099124657e-02
3.426689884991755697e-02
3.449686069299036373e-02
5.375117167999784312e-02
6.018827707162541230e-02
5.678883248536650830e-02
4.961296026593319669e-02
3.833773796945485340e-02
2.721449267406966105e-02
2.225554845862487072e-02
2.452783988750999525e-02
2.381759566105048562e-02
3.231562575210605165e-02
5.030112550111778824e-02
5.523171269636843739e-02
4.959877951436518495e-02
4.156452348742052660e-02
3.051482336876957038e-02
1.701563013521053408e-02
4.799737111105152089e-03
2.023193178424554164e-03
1.592665229854612480e-02
1.300146558071356949e-02
3.971292340662709378e-03
0.000000000000000000e+00
