0.000000000000000000e+00
1.151657871272976190e-02
1.906550114681006616e-02
2.935175578765190224e-02
4.092352009055652551e-02
4.956044397715698990e-02
6.874541518135025842e-02
6.312650870638286671e-02
5.631804999058627470e-02
4.546177732013077094e-02
3.179049197873805993e-02
2.327684842000656007e-02
1.350371734007622775e-02
7.358132920853232943e-03
5.563018121439010193e-03
9.305335211417955707e-03
1.576433682399170505e-02
7.325417701503845330e-03
2.306685671552542380e-02
3.013890869817471146e-02
3.253145282077096051e-02
3.473130606088422473e-02
3.242190925149403269e-02
2.702526546901292195e-02
2.364701125498622908e-02
2.290500204707436246e-02
1.310846564032698905e-02
9.410547729201891587e-03
1.743402997207035843e-02
1.974295684036631374e-02
2.343725035366977030e-02
3.344703852391293225e-02
3.928502183484263582e-02
3.418023591045835086e-02
2.159695015642977556e-02
1.452214960937542841e-02
2.522412536614392423e-02
1.822565103511939941e-02
5.961015278777260888e-03
0.000000000000000000e+00
