0.000000000000000000e+00
3.357805771469424749e-04
4.712085977112896208e-04
6.504178027177637093e-04
8.830661003215133087e-04
1.179276341980698686e-03
1.549028967416922866e-03
2.001359347827537903e-03
2.543385506530728823e-03
3.179222306550544275e-03
3.908869704138976005e-03
4.727190385676805634e-03
5.623110430136500811e-03
6.579180176749509570e-03
7.571617164707685962e-03
8.570917228011473363e-03
9.543065239060942798e-03
1.045130887449158275e-02
1.125838564162232741e-02
1.192902590608494601e-02
1.243250388294142063e-02
1.274498398938104203e-02
1.285141758983937912e-02
1.274678606192754596e-02
1.243655588915211496e-02
1.193630080742885680e-02
1.127054209293403518e-02
1.047094679776306575e-02
9.574092212760768397e-03
8.619043552545339187e-03
7.644996235469675265e-03
6.689205099015340349e-03
5.785366444733808927e-03
4.962544710659474133e-03
4.244655523596063164e-03
3.650442559359431873e-03
3.193826949077784548e-03
2.884471845040529302e-03
2.728394541434873803e-03
2.728473961728305856e-03
2.884738916874623506e-03
3.194376360954047974e-03
3.651461305431559327e-03
4.246472643751104774e-03
4.965713408991894243e-03
5.790792258238986953e-03
6.698339182843588563e-03
7.660118930835136883e-03
8.643669837027641301e-03
9.613536639632195083e-03
1.053308987056294707e-02
1.136684092571801918e-02
1.208308213183437001e-02
1.265661640766590178e-02
1.307130125393198700e-02
1.332212334733168246e-02
1.341654514265371370e-02
1.337492107618061879e-02
1.322986150643237421e-02
1.302451783038875710e-02
1.280986153110347074e-02
1.264112311191633621e-02
1.257363578550489518e-02
1.265838787482577964e-02
1.293762413648260300e-02
1.344084845237372532e-02
1.418156826491426790e-02
1.515508462864214277e-02
1.633757067720422590e-02
1.768659604211169495e-02
1.914314733194338522e-02
2.063507016883744591e-02
2.208172539396514172e-02
2.339952383980932124e-02
2.450789640913390507e-02
2.533518563456466782e-02
2.582392549969896034e-02
2.593501646761944140e-02
2.565040251906483895e-02
2.497400729720196388e-02
2.393086927116297793e-02
2.256460716181809753e-02
2.093352060205914966e-02
1.910576344584547642e-02
1.715410119543782363e-02
1.515077203473544180e-02
1.316291573925180286e-02
1.124892852427612083e-02
9.455963674461746390e-03
7.818649550199664039e-03
6.358959324191826995e-03
5.087057312973428287e-03
4.002875329364019921e-03
3.098142221352784536e-03
2.358597294964538942e-03
1.766155424727806900e-03
1.300847497286168348e-03
9.424231847178661785e-04
6.715641213001872709e-04
0.000000000000000000e+00
